Compound_ID	AD	f_0	f_1	f_2	f_3	f_4	f_5	f_6	f_7	f_8	f_9	f_10	f_11	f_12	f_13	f_14	f_15	f_16	f_17	f_18	f_19	f_20	f_21	f_22	f_23	f_24	f_25	f_26	f_27	f_28	f_29	f_30	f_31	f_32	f_33	f_34	f_35	f_36	f_37	f_38	f_39	f_40	f_41	f_42	f_43	f_44	f_45	f_46	f_47	f_48	f_49	f_50	f_51	f_52	f_53	f_54	f_55	f_56	f_57	f_58	f_59	f_60	f_61	f_62	f_63	f_64	f_65	f_66	f_67	f_68	f_69	f_70	f_71	f_72	f_73	f_74	f_75	f_76	f_77	f_78	f_79	f_80	f_81	f_82	f_83	f_84	f_85	f_86	f_87	f_88	f_89	f_90	f_91	f_92	f_93	f_94	f_95	f_96	f_97	f_98	f_99	f_100	f_101	f_102	f_103	f_104	f_105	f_106	f_107	f_108	f_109	f_110	f_111	f_112	f_113	f_114	f_115	f_116	f_117	f_118	f_119	f_120	f_121	f_122	f_123	f_124	f_125	f_126	f_127	f_128	f_129	f_130	f_131	f_132	f_133	f_134	f_135	f_136	f_137	f_138	f_139	f_140	f_141	f_142	f_143	f_144	f_145	f_146	f_147	f_148	f_149	f_150	f_151	f_152	f_153	f_154	f_155	f_156	f_157	f_158	f_159	f_160	f_161	f_162	f_163	f_164	f_165	f_166	f_167	f_168	f_169	f_170	f_171	f_172	f_173	f_174	f_175	f_176	f_177	f_178	f_179	f_180	f_181	f_182	f_183	f_184	f_185	f_186	f_187	f_188	f_189	f_190	f_191	f_192	f_193	f_194	f_195	f_196	f_197	f_198	f_199	f_200	f_201	f_202	f_203	f_204	f_205	f_206	f_207	f_208	f_209	f_210	f_211	f_212	f_213	f_214	f_215	f_216	f_217	f_218	f_219	f_220	f_221	f_222	f_223	f_224	f_225	f_226	f_227	f_228	f_229	f_230	f_231	f_232	f_233	f_234	f_235	f_236	f_237	f_238	f_239	f_240	f_241	f_242	f_243	f_244	f_245	f_246	f_247	f_248	f_249	f_250	f_251	f_252	f_253	f_254	f_255
CHEMBL4175858	1.0	76.0	86.0	18.0	16.0	22.0	14.0	12.0	8.0	16.0	10.0	10.0	20.0	14.0	14.0	72.0	36.0	58.0	6.0	10.0	74.0	2.0	58.0	16.0	0.0	70.0	16.0	14.0	84.0	24.0	62.0	6.0	10.0	80.0	142.0	10.0	62.0	34.0	12.0	22.0	118.0	14.0	66.0	10.0	84.0	58.0	42.0	96.0	12.0	16.0	96.0	16.0	8.0	6.0	32.0	68.0	6.0	12.0	4.0	40.0	14.0	12.0	18.0	10.0	104.0	100.0	12.0	90.0	14.0	6.0	6.0	4.0	72.0	4.0	98.0	92.0	82.0	10.0	52.0	6.0	14.0	108.0	150.0	8.0	60.0	24.0	6.0	74.0	6.0	16.0	68.0	68.0	6.0	8.0	6.0	76.0	4.0	54.0	4.0	8.0	4.0	150.0	14.0	28.0	6.0	22.0	30.0	62.0	144.0	8.0	6.0	86.0	18.0	16.0	88.0	10.0	6.0	8.0	8.0	78.0	24.0	12.0	106.0	128.0	18.0	4.0	98.0	14.0	10.0	124.0	12.0	28.0	8.0	4.0	78.0	22.0	8.0	112.0	10.0	126.0	10.0	26.0	2.0	12.0	2.0	28.0	18.0	2.0	106.0	64.0	16.0	20.0	28.0	18.0	6.0	70.0	16.0	8.0	10.0	128.0	4.0	82.0	26.0	30.0	24.0	16.0	20.0	14.0	132.0	16.0	2.0	8.0	4.0	112.0	10.0	16.0	96.0	66.0	22.0	96.0	66.0	2.0	2.0	16.0	120.0	68.0	62.0	80.0	24.0	76.0	58.0	20.0	78.0	22.0	14.0	66.0	10.0	104.0	88.0	6.0	76.0	124.0	26.0	88.0	8.0	6.0	74.0	26.0	38.0	32.0	98.0	8.0	28.0	102.0	6.0	148.0	6.0	20.0	72.0	76.0	52.0	2.0	18.0	24.0	10.0	78.0	20.0	20.0	14.0	20.0	66.0	28.0	12.0	60.0	96.0	6.0	100.0	22.0	66.0	58.0	4.0	16.0	18.0	22.0	6.0	12.0	6.0	76.0	58.0	12.0	72.0	26.0	54.0	4.0	2.0	2.0	130.0
CHEMBL3735241	1.0	26.0	36.0	18.0	16.0	72.0	14.0	12.0	58.0	66.0	10.0	10.0	20.0	14.0	14.0	22.0	36.0	8.0	6.0	10.0	74.0	52.0	8.0	66.0	0.0	70.0	66.0	14.0	34.0	24.0	12.0	6.0	60.0	80.0	142.0	10.0	12.0	84.0	12.0	72.0	118.0	14.0	66.0	10.0	34.0	8.0	42.0	46.0	12.0	16.0	96.0	16.0	8.0	6.0	32.0	18.0	6.0	12.0	4.0	90.0	14.0	12.0	18.0	10.0	54.0	50.0	12.0	40.0	14.0	6.0	56.0	4.0	72.0	4.0	48.0	42.0	32.0	10.0	102.0	6.0	14.0	108.0	150.0	8.0	10.0	74.0	6.0	24.0	6.0	16.0	18.0	118.0	6.0	8.0	6.0	26.0	4.0	104.0	4.0	8.0	4.0	150.0	14.0	78.0	6.0	72.0	30.0	12.0	144.0	8.0	6.0	36.0	18.0	66.0	88.0	10.0	6.0	58.0	8.0	28.0	74.0	12.0	56.0	78.0	18.0	4.0	98.0	14.0	10.0	124.0	12.0	28.0	8.0	4.0	28.0	22.0	8.0	62.0	10.0	126.0	10.0	26.0	2.0	12.0	2.0	28.0	18.0	2.0	56.0	14.0	16.0	20.0	28.0	18.0	6.0	20.0	16.0	58.0	10.0	128.0	4.0	82.0	26.0	80.0	24.0	16.0	20.0	14.0	132.0	16.0	2.0	58.0	4.0	62.0	10.0	16.0	46.0	16.0	22.0	46.0	16.0	2.0	2.0	66.0	120.0	68.0	62.0	30.0	24.0	76.0	8.0	20.0	28.0	22.0	14.0	16.0	10.0	104.0	88.0	6.0	26.0	124.0	76.0	38.0	8.0	6.0	74.0	26.0	38.0	32.0	98.0	8.0	78.0	52.0	6.0	148.0	6.0	20.0	22.0	26.0	2.0	2.0	18.0	74.0	10.0	28.0	20.0	70.0	64.0	20.0	16.0	78.0	12.0	10.0	46.0	6.0	50.0	72.0	16.0	8.0	4.0	16.0	18.0	22.0	6.0	12.0	6.0	26.0	58.0	12.0	22.0	76.0	104.0	4.0	2.0	2.0	130.0
CHEMBL4461630	1.0	26.0	86.0	18.0	16.0	22.0	14.0	12.0	8.0	16.0	10.0	10.0	20.0	14.0	14.0	22.0	36.0	8.0	6.0	10.0	24.0	2.0	8.0	16.0	0.0	20.0	16.0	14.0	84.0	74.0	12.0	6.0	10.0	30.0	142.0	10.0	12.0	34.0	12.0	22.0	118.0	14.0	16.0	10.0	34.0	8.0	42.0	46.0	12.0	16.0	46.0	16.0	8.0	6.0	32.0	18.0	6.0	12.0	4.0	40.0	64.0	12.0	18.0	10.0	104.0	50.0	12.0	90.0	64.0	6.0	6.0	4.0	22.0	4.0	48.0	92.0	32.0	10.0	102.0	6.0	64.0	58.0	150.0	8.0	10.0	24.0	6.0	24.0	6.0	66.0	18.0	118.0	56.0	8.0	6.0	26.0	4.0	54.0	4.0	8.0	4.0	150.0	14.0	28.0	6.0	22.0	30.0	12.0	94.0	8.0	6.0	36.0	18.0	16.0	38.0	10.0	6.0	8.0	8.0	28.0	24.0	12.0	56.0	128.0	18.0	4.0	98.0	14.0	10.0	124.0	12.0	28.0	8.0	4.0	28.0	22.0	8.0	112.0	10.0	76.0	10.0	26.0	2.0	12.0	2.0	28.0	18.0	2.0	56.0	14.0	16.0	20.0	78.0	18.0	6.0	20.0	16.0	8.0	60.0	128.0	4.0	32.0	26.0	30.0	24.0	16.0	20.0	14.0	132.0	16.0	2.0	8.0	4.0	62.0	10.0	16.0	96.0	16.0	22.0	46.0	66.0	2.0	2.0	16.0	70.0	18.0	12.0	30.0	24.0	26.0	58.0	20.0	28.0	22.0	14.0	16.0	10.0	54.0	88.0	6.0	26.0	124.0	26.0	38.0	8.0	6.0	24.0	26.0	38.0	32.0	48.0	58.0	28.0	102.0	6.0	148.0	56.0	20.0	22.0	26.0	2.0	2.0	18.0	24.0	10.0	28.0	20.0	20.0	14.0	70.0	66.0	28.0	12.0	10.0	96.0	6.0	50.0	22.0	16.0	8.0	4.0	16.0	68.0	72.0	6.0	62.0	6.0	26.0	8.0	12.0	22.0	26.0	54.0	4.0	2.0	2.0	80.0
CHEMBL3263990	1.0	26.0	86.0	18.0	66.0	22.0	14.0	12.0	8.0	16.0	10.0	10.0	20.0	14.0	14.0	22.0	36.0	8.0	6.0	10.0	74.0	2.0	8.0	16.0	0.0	20.0	16.0	14.0	84.0	24.0	62.0	6.0	10.0	80.0	142.0	10.0	62.0	34.0	12.0	22.0	68.0	14.0	16.0	10.0	34.0	8.0	42.0	96.0	12.0	16.0	96.0	66.0	8.0	6.0	32.0	18.0	6.0	12.0	4.0	40.0	14.0	12.0	18.0	10.0	104.0	100.0	12.0	40.0	14.0	6.0	6.0	54.0	22.0	4.0	98.0	42.0	82.0	10.0	52.0	6.0	14.0	58.0	150.0	8.0	10.0	24.0	6.0	74.0	6.0	16.0	68.0	68.0	6.0	8.0	6.0	76.0	4.0	104.0	4.0	8.0	4.0	150.0	14.0	28.0	6.0	22.0	30.0	12.0	144.0	8.0	6.0	86.0	18.0	16.0	88.0	10.0	6.0	8.0	8.0	28.0	24.0	12.0	106.0	128.0	18.0	4.0	48.0	14.0	60.0	124.0	12.0	28.0	8.0	4.0	28.0	22.0	8.0	112.0	10.0	126.0	10.0	26.0	2.0	12.0	2.0	28.0	18.0	2.0	106.0	64.0	16.0	20.0	28.0	18.0	6.0	20.0	16.0	8.0	10.0	128.0	4.0	82.0	26.0	30.0	24.0	16.0	70.0	14.0	132.0	16.0	2.0	58.0	4.0	112.0	10.0	16.0	96.0	16.0	22.0	96.0	16.0	2.0	2.0	16.0	70.0	18.0	62.0	30.0	24.0	76.0	8.0	20.0	78.0	22.0	14.0	16.0	10.0	104.0	38.0	6.0	26.0	124.0	26.0	88.0	8.0	6.0	74.0	26.0	88.0	32.0	98.0	8.0	78.0	102.0	6.0	148.0	6.0	20.0	22.0	26.0	2.0	2.0	18.0	24.0	10.0	78.0	20.0	20.0	64.0	20.0	16.0	28.0	12.0	10.0	96.0	6.0	100.0	22.0	16.0	8.0	4.0	16.0	18.0	22.0	6.0	12.0	6.0	26.0	8.0	12.0	22.0	26.0	104.0	4.0	2.0	2.0	130.0
CHEMBL3936548	1.0	26.0	86.0	18.0	16.0	22.0	14.0	12.0	8.0	66.0	10.0	10.0	70.0	14.0	14.0	22.0	86.0	8.0	6.0	10.0	24.0	2.0	8.0	66.0	0.0	20.0	66.0	14.0	84.0	24.0	12.0	6.0	60.0	30.0	142.0	10.0	12.0	84.0	12.0	22.0	68.0	14.0	16.0	10.0	34.0	58.0	42.0	96.0	12.0	16.0	96.0	16.0	8.0	6.0	32.0	18.0	6.0	12.0	4.0	90.0	64.0	62.0	68.0	60.0	54.0	50.0	12.0	40.0	14.0	6.0	6.0	54.0	72.0	4.0	48.0	42.0	82.0	10.0	102.0	6.0	14.0	108.0	150.0	58.0	10.0	74.0	6.0	24.0	56.0	16.0	68.0	118.0	6.0	8.0	6.0	26.0	4.0	104.0	4.0	8.0	54.0	150.0	14.0	78.0	6.0	72.0	30.0	12.0	144.0	8.0	6.0	36.0	18.0	66.0	88.0	10.0	6.0	8.0	8.0	78.0	74.0	12.0	56.0	78.0	18.0	4.0	48.0	14.0	10.0	74.0	12.0	28.0	58.0	4.0	28.0	22.0	58.0	62.0	10.0	126.0	10.0	26.0	2.0	12.0	52.0	78.0	18.0	2.0	56.0	14.0	16.0	20.0	78.0	18.0	6.0	20.0	16.0	8.0	10.0	128.0	4.0	32.0	26.0	80.0	74.0	16.0	20.0	14.0	132.0	16.0	2.0	58.0	4.0	62.0	10.0	66.0	46.0	16.0	22.0	46.0	16.0	2.0	2.0	16.0	120.0	18.0	62.0	80.0	24.0	76.0	8.0	20.0	28.0	22.0	14.0	16.0	10.0	104.0	88.0	6.0	26.0	124.0	76.0	38.0	8.0	6.0	74.0	26.0	38.0	32.0	98.0	8.0	78.0	52.0	6.0	148.0	6.0	20.0	22.0	26.0	2.0	2.0	18.0	74.0	10.0	28.0	20.0	20.0	14.0	70.0	16.0	28.0	62.0	10.0	46.0	6.0	50.0	22.0	16.0	8.0	4.0	16.0	18.0	22.0	6.0	12.0	6.0	26.0	8.0	12.0	22.0	76.0	104.0	4.0	2.0	2.0	130.0
CHEMBL1822520	1.0	76.0	86.0	18.0	16.0	22.0	14.0	12.0	8.0	16.0	10.0	10.0	20.0	14.0	14.0	22.0	36.0	8.0	6.0	10.0	24.0	2.0	8.0	16.0	0.0	20.0	16.0	14.0	84.0	24.0	12.0	6.0	10.0	80.0	142.0	10.0	12.0	34.0	12.0	22.0	118.0	64.0	16.0	10.0	84.0	8.0	42.0	96.0	12.0	16.0	46.0	16.0	8.0	6.0	32.0	18.0	6.0	62.0	4.0	40.0	14.0	12.0	18.0	10.0	54.0	100.0	62.0	40.0	14.0	6.0	6.0	4.0	22.0	4.0	98.0	92.0	32.0	10.0	102.0	56.0	14.0	108.0	150.0	58.0	10.0	74.0	6.0	24.0	6.0	16.0	18.0	68.0	6.0	8.0	6.0	26.0	4.0	104.0	4.0	8.0	4.0	150.0	14.0	28.0	6.0	22.0	30.0	12.0	144.0	8.0	6.0	36.0	18.0	16.0	38.0	10.0	56.0	58.0	8.0	28.0	24.0	12.0	56.0	128.0	18.0	4.0	48.0	14.0	10.0	124.0	12.0	78.0	8.0	4.0	28.0	22.0	58.0	62.0	10.0	76.0	60.0	26.0	2.0	12.0	2.0	28.0	18.0	2.0	56.0	14.0	66.0	20.0	78.0	18.0	6.0	20.0	16.0	58.0	10.0	128.0	4.0	32.0	26.0	30.0	24.0	66.0	20.0	14.0	132.0	16.0	2.0	8.0	54.0	112.0	10.0	16.0	96.0	16.0	22.0	96.0	16.0	2.0	2.0	16.0	120.0	18.0	12.0	30.0	24.0	26.0	8.0	20.0	28.0	22.0	14.0	16.0	10.0	54.0	38.0	56.0	26.0	124.0	26.0	38.0	8.0	6.0	24.0	26.0	38.0	32.0	98.0	8.0	28.0	52.0	6.0	148.0	6.0	70.0	22.0	26.0	2.0	2.0	18.0	24.0	10.0	28.0	20.0	20.0	64.0	70.0	16.0	28.0	12.0	10.0	96.0	6.0	100.0	22.0	16.0	8.0	4.0	66.0	68.0	22.0	6.0	12.0	6.0	26.0	8.0	12.0	72.0	26.0	104.0	4.0	2.0	2.0	130.0
CHEMBL3986775	1.0	26.0	36.0	18.0	16.0	22.0	14.0	12.0	8.0	66.0	10.0	10.0	20.0	64.0	14.0	22.0	36.0	8.0	6.0	10.0	24.0	2.0	8.0	66.0	0.0	20.0	66.0	64.0	34.0	24.0	12.0	6.0	60.0	30.0	142.0	10.0	12.0	84.0	12.0	22.0	118.0	14.0	16.0	10.0	34.0	8.0	92.0	46.0	12.0	66.0	96.0	16.0	8.0	6.0	32.0	18.0	6.0	12.0	4.0	90.0	14.0	12.0	18.0	10.0	54.0	50.0	12.0	40.0	14.0	6.0	6.0	54.0	72.0	4.0	48.0	42.0	32.0	10.0	102.0	6.0	14.0	58.0	150.0	8.0	10.0	74.0	6.0	24.0	6.0	16.0	18.0	118.0	6.0	8.0	6.0	26.0	4.0	104.0	4.0	58.0	4.0	150.0	14.0	78.0	6.0	72.0	30.0	12.0	144.0	8.0	6.0	36.0	18.0	66.0	88.0	10.0	6.0	8.0	8.0	28.0	74.0	12.0	106.0	78.0	18.0	4.0	48.0	14.0	10.0	74.0	12.0	28.0	8.0	4.0	28.0	22.0	8.0	62.0	10.0	126.0	10.0	26.0	2.0	12.0	2.0	28.0	18.0	2.0	56.0	14.0	16.0	20.0	28.0	18.0	6.0	20.0	16.0	8.0	10.0	128.0	4.0	32.0	26.0	80.0	24.0	16.0	20.0	14.0	132.0	16.0	2.0	58.0	54.0	62.0	10.0	16.0	46.0	16.0	22.0	96.0	16.0	2.0	2.0	16.0	120.0	18.0	12.0	30.0	24.0	76.0	8.0	20.0	78.0	22.0	14.0	16.0	10.0	104.0	88.0	6.0	26.0	124.0	76.0	38.0	58.0	56.0	74.0	26.0	88.0	32.0	98.0	8.0	78.0	102.0	6.0	148.0	6.0	20.0	22.0	26.0	2.0	2.0	18.0	74.0	10.0	28.0	70.0	20.0	14.0	20.0	16.0	28.0	12.0	10.0	46.0	6.0	50.0	22.0	16.0	8.0	4.0	16.0	68.0	22.0	56.0	12.0	6.0	26.0	8.0	12.0	22.0	76.0	104.0	4.0	2.0	2.0	130.0
CHEMBL4455547	1.0	26.0	86.0	18.0	16.0	22.0	14.0	12.0	8.0	16.0	10.0	10.0	20.0	14.0	14.0	22.0	36.0	8.0	6.0	10.0	24.0	2.0	8.0	16.0	0.0	20.0	16.0	64.0	34.0	74.0	12.0	6.0	10.0	30.0	142.0	10.0	12.0	34.0	12.0	22.0	118.0	14.0	16.0	10.0	84.0	8.0	92.0	46.0	12.0	16.0	96.0	16.0	8.0	6.0	32.0	18.0	6.0	12.0	4.0	40.0	14.0	12.0	18.0	10.0	104.0	50.0	12.0	90.0	64.0	6.0	6.0	4.0	22.0	4.0	48.0	92.0	32.0	10.0	102.0	6.0	64.0	58.0	150.0	8.0	10.0	74.0	6.0	24.0	6.0	66.0	18.0	118.0	6.0	8.0	6.0	76.0	4.0	54.0	4.0	8.0	4.0	150.0	14.0	28.0	6.0	22.0	80.0	12.0	94.0	8.0	6.0	36.0	18.0	16.0	38.0	10.0	6.0	8.0	8.0	78.0	24.0	12.0	56.0	128.0	18.0	4.0	48.0	64.0	10.0	124.0	12.0	78.0	8.0	4.0	28.0	22.0	8.0	112.0	10.0	76.0	10.0	26.0	2.0	12.0	2.0	28.0	18.0	2.0	56.0	14.0	16.0	20.0	28.0	18.0	6.0	20.0	66.0	8.0	10.0	128.0	4.0	32.0	26.0	30.0	24.0	16.0	20.0	14.0	132.0	16.0	2.0	8.0	4.0	62.0	10.0	16.0	46.0	16.0	22.0	46.0	66.0	2.0	2.0	16.0	70.0	18.0	12.0	30.0	24.0	26.0	58.0	20.0	28.0	22.0	14.0	16.0	10.0	54.0	88.0	6.0	26.0	74.0	26.0	38.0	8.0	6.0	24.0	26.0	38.0	82.0	48.0	58.0	28.0	102.0	6.0	148.0	6.0	20.0	22.0	26.0	2.0	2.0	18.0	24.0	10.0	28.0	20.0	20.0	14.0	20.0	66.0	28.0	12.0	10.0	96.0	6.0	50.0	72.0	16.0	8.0	4.0	16.0	18.0	72.0	6.0	62.0	6.0	26.0	8.0	12.0	22.0	26.0	104.0	4.0	2.0	2.0	130.0
CHEMBL4537938	1.0	26.0	36.0	18.0	66.0	72.0	14.0	12.0	8.0	16.0	10.0	10.0	20.0	14.0	14.0	22.0	86.0	8.0	6.0	60.0	24.0	2.0	8.0	16.0	0.0	20.0	16.0	14.0	34.0	24.0	62.0	6.0	10.0	30.0	142.0	10.0	12.0	84.0	62.0	22.0	118.0	14.0	16.0	60.0	34.0	58.0	92.0	96.0	62.0	16.0	46.0	66.0	8.0	6.0	82.0	18.0	6.0	12.0	4.0	40.0	14.0	12.0	18.0	10.0	54.0	100.0	12.0	90.0	14.0	6.0	6.0	4.0	22.0	4.0	48.0	42.0	82.0	10.0	102.0	6.0	14.0	108.0	150.0	8.0	10.0	24.0	6.0	24.0	6.0	16.0	18.0	118.0	6.0	8.0	6.0	26.0	4.0	104.0	4.0	58.0	4.0	150.0	64.0	28.0	6.0	22.0	30.0	12.0	144.0	58.0	6.0	36.0	68.0	16.0	38.0	60.0	6.0	8.0	8.0	28.0	74.0	62.0	106.0	128.0	18.0	4.0	98.0	14.0	10.0	124.0	62.0	78.0	8.0	4.0	28.0	22.0	8.0	112.0	10.0	126.0	10.0	26.0	2.0	12.0	2.0	78.0	68.0	2.0	106.0	14.0	66.0	20.0	78.0	18.0	6.0	20.0	66.0	8.0	10.0	128.0	4.0	32.0	26.0	30.0	24.0	16.0	20.0	14.0	132.0	66.0	2.0	8.0	4.0	112.0	60.0	16.0	46.0	66.0	72.0	46.0	16.0	2.0	2.0	16.0	120.0	18.0	12.0	80.0	24.0	26.0	8.0	70.0	78.0	22.0	14.0	16.0	10.0	54.0	88.0	6.0	26.0	124.0	26.0	38.0	8.0	6.0	24.0	26.0	88.0	82.0	98.0	8.0	28.0	102.0	6.0	148.0	6.0	20.0	22.0	76.0	2.0	2.0	18.0	24.0	10.0	78.0	70.0	20.0	64.0	20.0	16.0	28.0	12.0	60.0	96.0	6.0	50.0	22.0	16.0	8.0	4.0	16.0	18.0	22.0	56.0	12.0	6.0	26.0	8.0	62.0	22.0	26.0	104.0	4.0	2.0	2.0	130.0
CHEMBL3822475	1.0	76.0	36.0	18.0	16.0	22.0	14.0	12.0	8.0	16.0	10.0	10.0	20.0	14.0	14.0	72.0	36.0	8.0	6.0	10.0	24.0	2.0	8.0	16.0	0.0	20.0	16.0	14.0	34.0	24.0	12.0	6.0	10.0	80.0	142.0	10.0	62.0	34.0	12.0	72.0	68.0	14.0	16.0	10.0	84.0	8.0	92.0	96.0	12.0	16.0	96.0	16.0	8.0	6.0	32.0	18.0	6.0	12.0	4.0	40.0	14.0	12.0	18.0	60.0	104.0	100.0	62.0	40.0	14.0	6.0	6.0	4.0	22.0	4.0	98.0	42.0	32.0	10.0	52.0	6.0	64.0	58.0	150.0	8.0	10.0	74.0	6.0	74.0	6.0	16.0	68.0	68.0	6.0	8.0	6.0	76.0	4.0	54.0	4.0	8.0	4.0	150.0	14.0	28.0	6.0	22.0	30.0	12.0	144.0	8.0	6.0	86.0	18.0	16.0	88.0	10.0	6.0	8.0	8.0	78.0	24.0	12.0	106.0	128.0	18.0	4.0	48.0	14.0	10.0	124.0	12.0	28.0	8.0	4.0	28.0	22.0	8.0	112.0	10.0	126.0	10.0	26.0	2.0	12.0	2.0	28.0	18.0	2.0	106.0	14.0	16.0	20.0	78.0	18.0	6.0	20.0	16.0	8.0	10.0	128.0	4.0	82.0	26.0	30.0	24.0	16.0	20.0	14.0	132.0	16.0	2.0	8.0	4.0	112.0	10.0	16.0	96.0	16.0	22.0	96.0	16.0	52.0	2.0	16.0	120.0	68.0	12.0	30.0	24.0	26.0	8.0	20.0	28.0	22.0	14.0	16.0	10.0	104.0	38.0	6.0	26.0	124.0	26.0	88.0	8.0	6.0	24.0	26.0	88.0	32.0	98.0	8.0	28.0	102.0	6.0	148.0	6.0	20.0	22.0	26.0	2.0	2.0	18.0	24.0	10.0	78.0	20.0	20.0	14.0	20.0	16.0	28.0	12.0	10.0	96.0	6.0	100.0	22.0	16.0	8.0	4.0	66.0	18.0	22.0	6.0	12.0	6.0	26.0	8.0	12.0	72.0	26.0	104.0	54.0	2.0	2.0	130.0
CHEMBL3263972	1.0	26.0	36.0	18.0	66.0	22.0	14.0	12.0	8.0	16.0	10.0	10.0	70.0	14.0	14.0	22.0	36.0	8.0	6.0	10.0	24.0	2.0	8.0	16.0	0.0	70.0	16.0	64.0	34.0	24.0	62.0	56.0	10.0	80.0	142.0	10.0	12.0	34.0	12.0	72.0	118.0	14.0	16.0	10.0	34.0	8.0	92.0	96.0	12.0	16.0	96.0	66.0	8.0	6.0	32.0	18.0	6.0	12.0	4.0	40.0	14.0	12.0	18.0	10.0	104.0	100.0	12.0	40.0	14.0	6.0	6.0	54.0	22.0	4.0	98.0	42.0	82.0	10.0	52.0	6.0	64.0	108.0	150.0	8.0	10.0	24.0	6.0	74.0	6.0	16.0	68.0	118.0	6.0	8.0	6.0	76.0	4.0	104.0	4.0	8.0	4.0	150.0	14.0	28.0	6.0	22.0	30.0	12.0	144.0	8.0	6.0	86.0	18.0	16.0	88.0	10.0	6.0	8.0	8.0	28.0	74.0	12.0	106.0	128.0	18.0	4.0	98.0	14.0	10.0	124.0	12.0	28.0	8.0	4.0	28.0	22.0	8.0	62.0	10.0	126.0	10.0	26.0	2.0	12.0	2.0	28.0	18.0	2.0	106.0	14.0	16.0	70.0	28.0	18.0	6.0	20.0	16.0	8.0	10.0	128.0	4.0	82.0	26.0	80.0	24.0	16.0	70.0	14.0	132.0	16.0	2.0	8.0	4.0	112.0	10.0	16.0	96.0	16.0	22.0	46.0	16.0	2.0	2.0	66.0	70.0	18.0	12.0	30.0	24.0	76.0	8.0	20.0	78.0	22.0	14.0	16.0	10.0	104.0	38.0	6.0	76.0	124.0	26.0	88.0	8.0	6.0	24.0	26.0	88.0	32.0	98.0	8.0	78.0	102.0	6.0	148.0	6.0	20.0	22.0	26.0	2.0	2.0	18.0	24.0	10.0	28.0	20.0	20.0	64.0	20.0	16.0	78.0	12.0	10.0	96.0	6.0	100.0	22.0	16.0	8.0	4.0	16.0	18.0	22.0	6.0	12.0	6.0	26.0	8.0	12.0	22.0	26.0	104.0	4.0	2.0	2.0	130.0
CHEMBL1922984	1.0	26.0	36.0	18.0	16.0	22.0	64.0	62.0	8.0	66.0	10.0	60.0	20.0	64.0	14.0	72.0	86.0	8.0	6.0	10.0	24.0	2.0	8.0	16.0	0.0	20.0	16.0	14.0	34.0	24.0	12.0	6.0	60.0	30.0	142.0	10.0	12.0	34.0	12.0	22.0	68.0	14.0	16.0	60.0	34.0	8.0	92.0	46.0	12.0	66.0	46.0	16.0	8.0	6.0	32.0	18.0	6.0	12.0	54.0	90.0	14.0	12.0	18.0	10.0	54.0	100.0	12.0	40.0	14.0	6.0	6.0	4.0	22.0	4.0	48.0	92.0	32.0	10.0	52.0	6.0	14.0	108.0	150.0	8.0	10.0	24.0	6.0	24.0	6.0	16.0	18.0	118.0	6.0	8.0	56.0	26.0	4.0	54.0	4.0	8.0	4.0	150.0	14.0	28.0	6.0	22.0	30.0	62.0	94.0	8.0	6.0	36.0	18.0	16.0	38.0	10.0	6.0	8.0	8.0	28.0	24.0	12.0	106.0	128.0	18.0	4.0	48.0	14.0	10.0	74.0	62.0	78.0	58.0	4.0	28.0	22.0	58.0	112.0	60.0	126.0	10.0	76.0	2.0	62.0	2.0	28.0	18.0	2.0	56.0	14.0	16.0	20.0	28.0	18.0	6.0	20.0	16.0	8.0	10.0	78.0	4.0	32.0	26.0	30.0	74.0	16.0	20.0	14.0	132.0	16.0	2.0	8.0	4.0	112.0	10.0	16.0	46.0	16.0	22.0	96.0	16.0	2.0	2.0	66.0	120.0	18.0	12.0	30.0	74.0	26.0	8.0	70.0	28.0	72.0	64.0	16.0	10.0	54.0	38.0	6.0	76.0	74.0	26.0	88.0	8.0	6.0	24.0	26.0	38.0	82.0	48.0	8.0	28.0	102.0	56.0	148.0	6.0	20.0	22.0	76.0	2.0	2.0	18.0	24.0	10.0	28.0	20.0	20.0	14.0	20.0	16.0	28.0	12.0	10.0	96.0	6.0	100.0	22.0	16.0	8.0	4.0	16.0	68.0	72.0	56.0	12.0	6.0	26.0	8.0	12.0	22.0	26.0	54.0	4.0	2.0	2.0	130.0
CHEMBL4110481	1.0	26.0	86.0	18.0	16.0	22.0	14.0	62.0	8.0	16.0	10.0	10.0	20.0	14.0	14.0	22.0	36.0	8.0	6.0	10.0	24.0	2.0	8.0	66.0	0.0	20.0	66.0	14.0	34.0	24.0	12.0	6.0	10.0	30.0	142.0	10.0	12.0	84.0	12.0	22.0	118.0	14.0	16.0	60.0	34.0	8.0	92.0	46.0	12.0	16.0	46.0	16.0	8.0	6.0	32.0	18.0	6.0	12.0	4.0	90.0	14.0	12.0	68.0	10.0	54.0	50.0	12.0	90.0	14.0	6.0	6.0	54.0	72.0	4.0	48.0	42.0	32.0	10.0	102.0	6.0	14.0	108.0	150.0	8.0	10.0	74.0	6.0	24.0	6.0	16.0	18.0	118.0	6.0	8.0	6.0	26.0	4.0	104.0	4.0	8.0	4.0	150.0	14.0	28.0	6.0	72.0	80.0	12.0	144.0	8.0	6.0	36.0	18.0	66.0	38.0	10.0	6.0	58.0	8.0	78.0	24.0	12.0	56.0	78.0	18.0	54.0	48.0	14.0	10.0	74.0	12.0	28.0	8.0	4.0	28.0	22.0	8.0	62.0	10.0	126.0	10.0	26.0	2.0	12.0	2.0	28.0	18.0	2.0	56.0	14.0	16.0	20.0	28.0	18.0	6.0	20.0	16.0	58.0	10.0	128.0	4.0	32.0	26.0	80.0	24.0	16.0	70.0	14.0	82.0	66.0	2.0	8.0	4.0	112.0	10.0	16.0	46.0	16.0	22.0	46.0	16.0	2.0	2.0	16.0	120.0	18.0	12.0	30.0	24.0	76.0	8.0	20.0	28.0	22.0	14.0	66.0	10.0	104.0	88.0	6.0	26.0	74.0	76.0	38.0	8.0	6.0	74.0	76.0	88.0	82.0	98.0	8.0	78.0	52.0	6.0	148.0	6.0	20.0	22.0	26.0	2.0	2.0	68.0	74.0	10.0	28.0	70.0	70.0	64.0	20.0	16.0	78.0	12.0	10.0	46.0	56.0	50.0	22.0	16.0	8.0	4.0	16.0	18.0	22.0	6.0	12.0	6.0	26.0	8.0	12.0	22.0	76.0	104.0	4.0	2.0	2.0	130.0
CHEMBL2042827	1.0	76.0	36.0	18.0	16.0	72.0	14.0	12.0	8.0	16.0	10.0	10.0	20.0	14.0	14.0	22.0	86.0	8.0	6.0	10.0	24.0	2.0	8.0	16.0	0.0	20.0	16.0	14.0	34.0	24.0	12.0	56.0	10.0	80.0	142.0	60.0	12.0	34.0	12.0	72.0	118.0	14.0	16.0	10.0	84.0	8.0	92.0	96.0	12.0	16.0	96.0	66.0	8.0	6.0	32.0	18.0	6.0	12.0	4.0	90.0	14.0	12.0	18.0	10.0	104.0	100.0	12.0	40.0	14.0	6.0	6.0	4.0	22.0	4.0	98.0	42.0	32.0	60.0	102.0	6.0	14.0	108.0	150.0	8.0	10.0	24.0	6.0	74.0	6.0	16.0	68.0	118.0	6.0	8.0	6.0	76.0	4.0	54.0	4.0	8.0	4.0	150.0	14.0	28.0	6.0	22.0	80.0	12.0	94.0	8.0	6.0	86.0	68.0	16.0	88.0	10.0	6.0	8.0	8.0	28.0	24.0	12.0	56.0	128.0	68.0	54.0	98.0	14.0	60.0	124.0	12.0	28.0	8.0	4.0	28.0	22.0	8.0	62.0	10.0	126.0	10.0	26.0	2.0	12.0	2.0	28.0	18.0	2.0	106.0	14.0	16.0	70.0	28.0	18.0	6.0	20.0	16.0	8.0	10.0	128.0	4.0	82.0	26.0	80.0	24.0	16.0	20.0	14.0	132.0	16.0	2.0	8.0	4.0	112.0	10.0	16.0	96.0	16.0	22.0	46.0	16.0	2.0	2.0	16.0	120.0	18.0	12.0	30.0	24.0	26.0	8.0	20.0	28.0	22.0	14.0	16.0	10.0	104.0	38.0	6.0	76.0	124.0	26.0	88.0	8.0	6.0	24.0	26.0	38.0	32.0	98.0	8.0	28.0	52.0	6.0	148.0	6.0	70.0	22.0	26.0	2.0	2.0	18.0	74.0	10.0	28.0	20.0	20.0	14.0	20.0	16.0	78.0	12.0	10.0	96.0	6.0	100.0	22.0	16.0	8.0	4.0	16.0	18.0	22.0	6.0	12.0	6.0	26.0	58.0	12.0	22.0	26.0	54.0	4.0	2.0	2.0	130.0
CHEMBL3398167	1.0	76.0	36.0	18.0	16.0	22.0	14.0	12.0	8.0	16.0	60.0	10.0	20.0	14.0	14.0	22.0	36.0	8.0	6.0	10.0	24.0	2.0	8.0	16.0	0.0	20.0	16.0	14.0	34.0	24.0	12.0	6.0	10.0	80.0	142.0	10.0	12.0	84.0	12.0	72.0	118.0	14.0	66.0	10.0	84.0	58.0	42.0	96.0	12.0	16.0	46.0	16.0	8.0	6.0	32.0	18.0	6.0	62.0	4.0	40.0	14.0	62.0	18.0	10.0	54.0	100.0	62.0	40.0	64.0	6.0	6.0	4.0	22.0	4.0	98.0	42.0	32.0	10.0	102.0	6.0	14.0	58.0	150.0	58.0	10.0	24.0	6.0	24.0	56.0	16.0	18.0	68.0	6.0	8.0	6.0	76.0	4.0	104.0	4.0	8.0	4.0	150.0	14.0	28.0	6.0	22.0	30.0	12.0	144.0	8.0	6.0	36.0	18.0	16.0	38.0	60.0	6.0	58.0	8.0	28.0	24.0	12.0	56.0	128.0	18.0	4.0	98.0	14.0	60.0	124.0	62.0	78.0	8.0	4.0	28.0	22.0	58.0	112.0	10.0	126.0	60.0	26.0	2.0	12.0	2.0	28.0	18.0	2.0	56.0	14.0	66.0	20.0	28.0	18.0	6.0	20.0	16.0	58.0	10.0	128.0	4.0	32.0	26.0	30.0	24.0	66.0	20.0	14.0	132.0	16.0	2.0	8.0	54.0	112.0	10.0	16.0	96.0	16.0	22.0	96.0	16.0	2.0	2.0	16.0	120.0	18.0	12.0	30.0	24.0	26.0	8.0	20.0	28.0	22.0	14.0	16.0	10.0	54.0	38.0	56.0	26.0	124.0	26.0	38.0	8.0	6.0	24.0	26.0	88.0	32.0	48.0	8.0	28.0	52.0	6.0	148.0	6.0	70.0	72.0	26.0	2.0	2.0	18.0	24.0	10.0	28.0	20.0	20.0	64.0	70.0	16.0	28.0	62.0	10.0	96.0	6.0	100.0	22.0	16.0	8.0	54.0	16.0	68.0	22.0	6.0	12.0	6.0	26.0	8.0	12.0	72.0	26.0	104.0	4.0	2.0	2.0	130.0
CHEMBL4091441	1.0	26.0	36.0	18.0	16.0	22.0	14.0	12.0	8.0	16.0	10.0	10.0	20.0	14.0	14.0	22.0	36.0	8.0	56.0	10.0	74.0	2.0	8.0	16.0	0.0	20.0	16.0	64.0	34.0	74.0	12.0	6.0	60.0	30.0	142.0	10.0	12.0	34.0	12.0	22.0	68.0	14.0	16.0	10.0	84.0	8.0	92.0	46.0	12.0	16.0	96.0	16.0	8.0	6.0	32.0	18.0	6.0	12.0	4.0	40.0	14.0	12.0	18.0	10.0	54.0	50.0	12.0	90.0	64.0	6.0	6.0	4.0	22.0	4.0	98.0	92.0	32.0	10.0	102.0	6.0	14.0	58.0	150.0	58.0	10.0	24.0	6.0	24.0	6.0	16.0	18.0	118.0	6.0	8.0	6.0	76.0	4.0	54.0	4.0	8.0	4.0	150.0	64.0	28.0	6.0	22.0	80.0	12.0	144.0	8.0	6.0	36.0	18.0	16.0	38.0	10.0	6.0	8.0	8.0	78.0	24.0	12.0	56.0	128.0	18.0	4.0	48.0	64.0	10.0	124.0	12.0	78.0	8.0	4.0	28.0	22.0	58.0	112.0	10.0	76.0	10.0	26.0	2.0	12.0	2.0	28.0	18.0	2.0	56.0	14.0	16.0	20.0	28.0	18.0	56.0	20.0	66.0	58.0	10.0	128.0	4.0	32.0	76.0	30.0	24.0	16.0	20.0	14.0	132.0	16.0	2.0	8.0	4.0	112.0	10.0	16.0	46.0	16.0	22.0	96.0	16.0	2.0	2.0	16.0	120.0	18.0	12.0	80.0	24.0	26.0	8.0	20.0	28.0	22.0	64.0	16.0	10.0	54.0	88.0	56.0	26.0	74.0	26.0	38.0	8.0	6.0	24.0	76.0	38.0	82.0	48.0	8.0	28.0	52.0	6.0	148.0	6.0	20.0	22.0	26.0	2.0	2.0	18.0	24.0	10.0	28.0	20.0	20.0	14.0	20.0	16.0	28.0	12.0	10.0	46.0	6.0	100.0	72.0	16.0	8.0	4.0	66.0	18.0	22.0	6.0	12.0	6.0	26.0	8.0	12.0	22.0	26.0	104.0	4.0	2.0	2.0	130.0
CHEMBL3357441	1.0	26.0	36.0	18.0	16.0	22.0	14.0	12.0	8.0	16.0	10.0	10.0	20.0	14.0	14.0	22.0	86.0	8.0	6.0	10.0	24.0	2.0	8.0	16.0	0.0	70.0	16.0	14.0	84.0	24.0	12.0	6.0	10.0	80.0	142.0	10.0	12.0	34.0	12.0	22.0	118.0	14.0	66.0	10.0	34.0	8.0	42.0	96.0	12.0	16.0	96.0	66.0	8.0	6.0	32.0	18.0	6.0	12.0	4.0	40.0	14.0	12.0	18.0	10.0	104.0	100.0	12.0	40.0	14.0	6.0	6.0	4.0	22.0	4.0	98.0	42.0	32.0	10.0	52.0	6.0	14.0	108.0	150.0	8.0	10.0	24.0	6.0	74.0	6.0	16.0	68.0	68.0	6.0	8.0	6.0	76.0	4.0	104.0	4.0	58.0	54.0	150.0	14.0	78.0	6.0	22.0	30.0	12.0	144.0	8.0	6.0	86.0	18.0	16.0	88.0	10.0	6.0	8.0	8.0	28.0	24.0	12.0	56.0	128.0	18.0	4.0	98.0	14.0	10.0	124.0	12.0	28.0	8.0	4.0	78.0	22.0	8.0	62.0	10.0	126.0	10.0	26.0	2.0	12.0	2.0	28.0	18.0	2.0	106.0	14.0	16.0	20.0	28.0	18.0	56.0	20.0	66.0	8.0	10.0	78.0	4.0	82.0	26.0	30.0	24.0	16.0	20.0	64.0	82.0	16.0	2.0	8.0	4.0	112.0	10.0	16.0	96.0	16.0	22.0	46.0	16.0	52.0	52.0	16.0	70.0	68.0	12.0	30.0	24.0	26.0	8.0	20.0	78.0	22.0	14.0	16.0	10.0	104.0	38.0	6.0	26.0	124.0	26.0	88.0	8.0	6.0	24.0	26.0	38.0	32.0	98.0	8.0	28.0	52.0	56.0	148.0	6.0	20.0	22.0	26.0	2.0	2.0	18.0	24.0	10.0	28.0	20.0	20.0	14.0	20.0	16.0	28.0	12.0	10.0	96.0	6.0	100.0	22.0	16.0	8.0	4.0	16.0	18.0	22.0	6.0	12.0	6.0	76.0	8.0	12.0	22.0	26.0	54.0	4.0	2.0	2.0	130.0
CHEMBL1796259	1.0	26.0	36.0	18.0	16.0	22.0	14.0	12.0	8.0	16.0	10.0	10.0	20.0	14.0	64.0	22.0	36.0	8.0	6.0	10.0	24.0	2.0	58.0	16.0	0.0	20.0	16.0	14.0	34.0	24.0	12.0	6.0	10.0	80.0	142.0	10.0	12.0	34.0	12.0	22.0	68.0	14.0	16.0	10.0	34.0	8.0	92.0	96.0	62.0	16.0	96.0	66.0	8.0	6.0	82.0	18.0	6.0	12.0	4.0	40.0	14.0	12.0	18.0	10.0	104.0	50.0	12.0	40.0	14.0	6.0	6.0	4.0	72.0	4.0	98.0	42.0	82.0	10.0	52.0	6.0	14.0	108.0	150.0	8.0	10.0	24.0	6.0	74.0	6.0	16.0	18.0	68.0	6.0	8.0	6.0	76.0	4.0	104.0	4.0	58.0	4.0	150.0	14.0	28.0	6.0	22.0	30.0	12.0	144.0	8.0	6.0	86.0	18.0	16.0	38.0	10.0	6.0	8.0	8.0	28.0	24.0	12.0	106.0	128.0	18.0	4.0	48.0	14.0	10.0	124.0	12.0	28.0	8.0	4.0	28.0	22.0	8.0	62.0	10.0	126.0	10.0	26.0	2.0	12.0	52.0	28.0	18.0	2.0	106.0	14.0	16.0	20.0	28.0	18.0	56.0	20.0	16.0	58.0	10.0	128.0	4.0	32.0	26.0	30.0	24.0	16.0	20.0	64.0	132.0	16.0	2.0	8.0	4.0	112.0	10.0	16.0	46.0	66.0	22.0	46.0	16.0	52.0	2.0	16.0	120.0	18.0	12.0	30.0	24.0	76.0	8.0	70.0	78.0	22.0	14.0	16.0	10.0	104.0	38.0	6.0	26.0	124.0	26.0	88.0	8.0	6.0	24.0	26.0	38.0	32.0	98.0	8.0	28.0	102.0	6.0	148.0	6.0	20.0	72.0	26.0	2.0	2.0	18.0	24.0	10.0	28.0	20.0	20.0	14.0	20.0	16.0	78.0	12.0	10.0	96.0	6.0	100.0	22.0	66.0	8.0	4.0	16.0	68.0	72.0	6.0	12.0	6.0	76.0	8.0	12.0	22.0	26.0	104.0	4.0	2.0	2.0	130.0
CHEMBL4169998	1.0	76.0	86.0	18.0	16.0	22.0	14.0	62.0	8.0	16.0	60.0	10.0	20.0	64.0	14.0	22.0	36.0	8.0	6.0	10.0	74.0	2.0	8.0	16.0	0.0	70.0	16.0	14.0	84.0	24.0	62.0	6.0	10.0	80.0	142.0	10.0	62.0	34.0	12.0	72.0	118.0	14.0	66.0	10.0	84.0	8.0	42.0	96.0	12.0	16.0	96.0	16.0	8.0	6.0	32.0	18.0	6.0	12.0	4.0	40.0	14.0	12.0	18.0	10.0	104.0	100.0	12.0	90.0	14.0	56.0	6.0	4.0	72.0	4.0	98.0	42.0	82.0	10.0	52.0	6.0	14.0	108.0	150.0	8.0	60.0	24.0	6.0	74.0	6.0	66.0	68.0	68.0	6.0	8.0	6.0	76.0	4.0	104.0	4.0	8.0	4.0	150.0	14.0	78.0	6.0	22.0	80.0	12.0	144.0	8.0	6.0	86.0	18.0	66.0	88.0	10.0	6.0	8.0	8.0	78.0	24.0	12.0	106.0	128.0	18.0	4.0	98.0	14.0	10.0	124.0	62.0	78.0	8.0	4.0	78.0	22.0	8.0	112.0	60.0	126.0	10.0	26.0	2.0	12.0	2.0	78.0	18.0	2.0	106.0	64.0	16.0	20.0	28.0	18.0	6.0	20.0	16.0	8.0	60.0	78.0	4.0	82.0	76.0	30.0	24.0	16.0	20.0	14.0	82.0	16.0	52.0	8.0	4.0	112.0	10.0	16.0	96.0	16.0	22.0	96.0	66.0	2.0	2.0	16.0	120.0	68.0	62.0	80.0	24.0	26.0	8.0	70.0	78.0	22.0	14.0	16.0	10.0	104.0	88.0	6.0	26.0	124.0	26.0	88.0	8.0	6.0	24.0	26.0	38.0	32.0	98.0	8.0	78.0	52.0	6.0	148.0	6.0	20.0	22.0	26.0	2.0	2.0	18.0	24.0	10.0	78.0	20.0	20.0	14.0	20.0	16.0	78.0	12.0	10.0	96.0	56.0	100.0	72.0	66.0	58.0	4.0	16.0	18.0	22.0	56.0	12.0	6.0	76.0	8.0	62.0	72.0	26.0	54.0	4.0	2.0	2.0	130.0
CHEMBL1779191	1.0	26.0	36.0	18.0	16.0	22.0	14.0	12.0	8.0	16.0	10.0	60.0	20.0	14.0	64.0	22.0	36.0	8.0	6.0	10.0	24.0	2.0	8.0	16.0	0.0	20.0	66.0	14.0	34.0	24.0	12.0	6.0	10.0	30.0	142.0	10.0	12.0	84.0	12.0	72.0	68.0	14.0	16.0	10.0	34.0	8.0	42.0	46.0	62.0	66.0	96.0	16.0	8.0	6.0	32.0	18.0	6.0	12.0	4.0	90.0	14.0	12.0	68.0	10.0	54.0	50.0	12.0	90.0	14.0	6.0	6.0	4.0	72.0	4.0	48.0	42.0	32.0	10.0	102.0	6.0	14.0	108.0	150.0	8.0	10.0	74.0	6.0	24.0	6.0	16.0	18.0	118.0	6.0	8.0	6.0	26.0	4.0	104.0	4.0	8.0	4.0	150.0	14.0	28.0	6.0	22.0	30.0	12.0	144.0	58.0	6.0	36.0	18.0	16.0	88.0	10.0	6.0	8.0	8.0	28.0	74.0	12.0	56.0	78.0	18.0	4.0	48.0	14.0	10.0	74.0	12.0	28.0	8.0	4.0	28.0	22.0	8.0	62.0	10.0	126.0	10.0	26.0	2.0	12.0	2.0	28.0	18.0	2.0	106.0	14.0	16.0	20.0	28.0	18.0	6.0	20.0	16.0	8.0	10.0	78.0	54.0	32.0	26.0	30.0	24.0	66.0	70.0	14.0	82.0	66.0	2.0	58.0	4.0	112.0	10.0	16.0	46.0	66.0	22.0	46.0	16.0	2.0	2.0	16.0	120.0	18.0	12.0	30.0	24.0	76.0	58.0	20.0	28.0	22.0	14.0	16.0	10.0	104.0	88.0	6.0	26.0	74.0	76.0	38.0	8.0	6.0	74.0	76.0	38.0	32.0	98.0	8.0	78.0	52.0	6.0	148.0	6.0	70.0	22.0	26.0	2.0	2.0	68.0	74.0	10.0	28.0	20.0	20.0	14.0	20.0	16.0	78.0	12.0	10.0	46.0	6.0	50.0	22.0	16.0	8.0	4.0	16.0	18.0	22.0	6.0	12.0	6.0	26.0	8.0	12.0	22.0	76.0	104.0	4.0	2.0	2.0	130.0
CHEMBL4468370	1.0	76.0	36.0	18.0	16.0	22.0	14.0	12.0	8.0	16.0	10.0	10.0	20.0	14.0	14.0	22.0	36.0	8.0	6.0	10.0	24.0	2.0	8.0	16.0	0.0	70.0	16.0	14.0	34.0	24.0	12.0	6.0	10.0	80.0	142.0	10.0	12.0	34.0	12.0	22.0	118.0	14.0	66.0	10.0	84.0	8.0	42.0	96.0	12.0	16.0	96.0	16.0	8.0	6.0	82.0	18.0	6.0	12.0	4.0	40.0	14.0	12.0	18.0	10.0	104.0	100.0	62.0	40.0	14.0	6.0	6.0	4.0	22.0	4.0	98.0	92.0	82.0	10.0	52.0	6.0	14.0	108.0	150.0	8.0	10.0	24.0	6.0	74.0	6.0	16.0	68.0	68.0	6.0	8.0	6.0	26.0	4.0	54.0	4.0	8.0	54.0	150.0	64.0	28.0	6.0	22.0	30.0	12.0	144.0	8.0	6.0	86.0	18.0	16.0	88.0	10.0	6.0	8.0	8.0	28.0	74.0	12.0	106.0	128.0	18.0	4.0	98.0	14.0	10.0	124.0	12.0	28.0	8.0	4.0	28.0	22.0	8.0	62.0	10.0	126.0	10.0	26.0	2.0	12.0	2.0	28.0	18.0	2.0	106.0	14.0	16.0	20.0	28.0	18.0	6.0	20.0	16.0	8.0	10.0	128.0	4.0	82.0	26.0	30.0	24.0	16.0	20.0	14.0	132.0	16.0	2.0	8.0	4.0	112.0	10.0	16.0	96.0	16.0	22.0	96.0	16.0	2.0	2.0	16.0	120.0	68.0	12.0	30.0	24.0	76.0	8.0	20.0	78.0	22.0	64.0	16.0	10.0	104.0	38.0	6.0	26.0	124.0	26.0	88.0	8.0	6.0	74.0	26.0	38.0	32.0	98.0	8.0	28.0	52.0	6.0	148.0	6.0	20.0	72.0	76.0	2.0	2.0	18.0	74.0	10.0	28.0	20.0	20.0	14.0	20.0	16.0	28.0	12.0	10.0	96.0	6.0	100.0	22.0	16.0	8.0	4.0	16.0	18.0	22.0	6.0	12.0	56.0	76.0	8.0	12.0	72.0	26.0	104.0	4.0	2.0	2.0	130.0
CHEMBL3218858	1.0	76.0	36.0	18.0	66.0	22.0	14.0	12.0	8.0	16.0	10.0	10.0	70.0	64.0	14.0	22.0	36.0	58.0	6.0	10.0	24.0	2.0	8.0	16.0	0.0	20.0	16.0	14.0	34.0	74.0	12.0	6.0	10.0	30.0	142.0	10.0	12.0	34.0	12.0	22.0	118.0	14.0	16.0	10.0	34.0	8.0	42.0	46.0	12.0	16.0	96.0	16.0	8.0	6.0	82.0	68.0	6.0	12.0	54.0	90.0	64.0	62.0	18.0	10.0	104.0	50.0	12.0	90.0	14.0	6.0	6.0	4.0	22.0	4.0	98.0	42.0	32.0	10.0	52.0	6.0	14.0	108.0	150.0	8.0	10.0	24.0	6.0	24.0	6.0	66.0	18.0	118.0	6.0	8.0	6.0	26.0	4.0	104.0	4.0	8.0	4.0	150.0	14.0	28.0	6.0	22.0	30.0	12.0	144.0	8.0	6.0	86.0	18.0	16.0	38.0	10.0	6.0	8.0	8.0	28.0	24.0	12.0	56.0	128.0	68.0	4.0	98.0	14.0	10.0	124.0	62.0	28.0	8.0	4.0	28.0	22.0	8.0	112.0	10.0	126.0	10.0	76.0	2.0	12.0	2.0	78.0	18.0	2.0	106.0	14.0	16.0	70.0	28.0	18.0	6.0	20.0	16.0	8.0	10.0	128.0	4.0	82.0	76.0	30.0	24.0	16.0	20.0	64.0	132.0	66.0	2.0	8.0	4.0	112.0	10.0	16.0	46.0	16.0	72.0	96.0	16.0	2.0	2.0	66.0	120.0	18.0	12.0	30.0	24.0	76.0	8.0	20.0	28.0	72.0	14.0	16.0	10.0	54.0	38.0	6.0	26.0	124.0	26.0	38.0	8.0	6.0	24.0	26.0	38.0	32.0	98.0	8.0	28.0	52.0	6.0	148.0	6.0	20.0	22.0	76.0	2.0	2.0	18.0	24.0	60.0	28.0	20.0	70.0	14.0	20.0	66.0	28.0	12.0	60.0	46.0	6.0	100.0	22.0	16.0	8.0	4.0	16.0	18.0	22.0	6.0	12.0	6.0	26.0	58.0	62.0	72.0	26.0	104.0	4.0	2.0	2.0	130.0
CHEMBL3218851	1.0	26.0	36.0	18.0	16.0	22.0	14.0	12.0	8.0	16.0	10.0	10.0	20.0	64.0	14.0	72.0	36.0	8.0	6.0	10.0	24.0	2.0	8.0	16.0	0.0	20.0	16.0	14.0	34.0	74.0	12.0	6.0	10.0	30.0	142.0	10.0	12.0	34.0	12.0	22.0	118.0	14.0	16.0	10.0	34.0	8.0	42.0	46.0	12.0	16.0	96.0	16.0	8.0	6.0	82.0	18.0	6.0	12.0	4.0	90.0	64.0	62.0	18.0	10.0	104.0	50.0	12.0	90.0	14.0	6.0	6.0	4.0	22.0	4.0	98.0	42.0	32.0	10.0	52.0	6.0	14.0	58.0	150.0	8.0	10.0	24.0	6.0	24.0	6.0	66.0	18.0	118.0	6.0	8.0	6.0	26.0	4.0	54.0	4.0	8.0	4.0	150.0	14.0	28.0	6.0	22.0	30.0	12.0	144.0	8.0	6.0	86.0	18.0	16.0	38.0	10.0	6.0	8.0	8.0	28.0	24.0	12.0	106.0	128.0	68.0	4.0	98.0	14.0	10.0	124.0	62.0	28.0	8.0	4.0	28.0	22.0	8.0	112.0	10.0	126.0	10.0	76.0	2.0	12.0	2.0	78.0	18.0	2.0	106.0	14.0	16.0	70.0	78.0	18.0	6.0	20.0	16.0	8.0	10.0	128.0	4.0	82.0	26.0	80.0	24.0	16.0	20.0	14.0	132.0	16.0	2.0	8.0	4.0	112.0	10.0	66.0	96.0	16.0	72.0	46.0	16.0	2.0	2.0	16.0	70.0	18.0	12.0	30.0	24.0	76.0	8.0	20.0	28.0	72.0	14.0	16.0	10.0	54.0	38.0	6.0	26.0	124.0	26.0	38.0	8.0	6.0	24.0	26.0	88.0	32.0	98.0	8.0	28.0	102.0	6.0	148.0	6.0	20.0	22.0	76.0	2.0	2.0	18.0	24.0	60.0	28.0	20.0	70.0	14.0	70.0	16.0	28.0	12.0	10.0	96.0	6.0	50.0	22.0	16.0	8.0	4.0	16.0	18.0	22.0	6.0	12.0	6.0	26.0	58.0	62.0	22.0	26.0	104.0	4.0	2.0	2.0	130.0
CHEMBL4109336	1.0	26.0	86.0	18.0	16.0	22.0	14.0	12.0	8.0	16.0	10.0	10.0	20.0	14.0	14.0	22.0	36.0	8.0	6.0	10.0	24.0	2.0	8.0	16.0	0.0	20.0	16.0	64.0	84.0	74.0	12.0	6.0	10.0	80.0	142.0	10.0	12.0	84.0	12.0	22.0	68.0	64.0	16.0	10.0	84.0	58.0	92.0	46.0	12.0	66.0	96.0	16.0	8.0	6.0	32.0	18.0	6.0	12.0	4.0	40.0	14.0	12.0	18.0	10.0	54.0	50.0	12.0	40.0	14.0	6.0	6.0	4.0	22.0	4.0	48.0	42.0	32.0	10.0	102.0	6.0	14.0	58.0	150.0	8.0	10.0	24.0	6.0	24.0	6.0	16.0	18.0	118.0	6.0	8.0	6.0	76.0	4.0	54.0	4.0	8.0	4.0	150.0	14.0	78.0	6.0	22.0	80.0	12.0	144.0	8.0	6.0	86.0	18.0	66.0	38.0	10.0	6.0	8.0	8.0	78.0	24.0	12.0	56.0	128.0	68.0	4.0	48.0	64.0	10.0	74.0	12.0	78.0	8.0	4.0	28.0	22.0	8.0	112.0	10.0	126.0	10.0	26.0	2.0	12.0	2.0	28.0	18.0	2.0	106.0	14.0	16.0	20.0	28.0	68.0	56.0	70.0	16.0	8.0	10.0	128.0	4.0	32.0	26.0	30.0	24.0	16.0	20.0	64.0	132.0	16.0	52.0	8.0	4.0	112.0	10.0	16.0	46.0	16.0	72.0	96.0	66.0	2.0	2.0	16.0	120.0	18.0	12.0	30.0	74.0	26.0	8.0	20.0	78.0	22.0	14.0	66.0	10.0	54.0	88.0	6.0	26.0	124.0	26.0	38.0	8.0	6.0	24.0	26.0	88.0	82.0	98.0	8.0	28.0	102.0	6.0	148.0	6.0	70.0	22.0	26.0	2.0	2.0	68.0	24.0	10.0	28.0	20.0	20.0	14.0	20.0	16.0	28.0	12.0	10.0	46.0	6.0	50.0	22.0	16.0	8.0	4.0	16.0	18.0	22.0	56.0	12.0	6.0	26.0	8.0	12.0	22.0	26.0	104.0	4.0	2.0	2.0	130.0
CHEMBL2418759	1.0	26.0	36.0	18.0	16.0	22.0	14.0	12.0	8.0	16.0	10.0	10.0	20.0	14.0	14.0	22.0	86.0	8.0	6.0	10.0	74.0	2.0	8.0	16.0	0.0	20.0	16.0	14.0	34.0	24.0	12.0	6.0	10.0	30.0	142.0	10.0	12.0	34.0	12.0	72.0	68.0	14.0	16.0	60.0	84.0	8.0	42.0	46.0	12.0	16.0	46.0	16.0	8.0	6.0	32.0	18.0	6.0	62.0	54.0	40.0	14.0	12.0	18.0	10.0	54.0	100.0	12.0	40.0	14.0	6.0	6.0	4.0	72.0	4.0	48.0	42.0	32.0	10.0	102.0	6.0	14.0	108.0	150.0	8.0	10.0	24.0	6.0	24.0	56.0	66.0	18.0	118.0	6.0	8.0	6.0	26.0	4.0	104.0	4.0	8.0	4.0	150.0	14.0	28.0	6.0	22.0	80.0	12.0	144.0	8.0	6.0	36.0	18.0	16.0	38.0	10.0	6.0	8.0	8.0	28.0	24.0	62.0	106.0	128.0	18.0	4.0	48.0	14.0	10.0	124.0	12.0	28.0	8.0	4.0	28.0	22.0	58.0	112.0	10.0	76.0	10.0	26.0	2.0	12.0	2.0	28.0	18.0	2.0	106.0	14.0	16.0	20.0	28.0	18.0	56.0	20.0	16.0	8.0	10.0	128.0	4.0	32.0	26.0	30.0	24.0	16.0	20.0	14.0	132.0	16.0	2.0	8.0	4.0	112.0	10.0	16.0	46.0	16.0	72.0	46.0	66.0	2.0	2.0	16.0	120.0	18.0	12.0	30.0	24.0	26.0	8.0	20.0	28.0	22.0	14.0	16.0	10.0	54.0	88.0	6.0	26.0	74.0	26.0	88.0	8.0	6.0	24.0	26.0	88.0	82.0	48.0	8.0	28.0	52.0	6.0	148.0	6.0	20.0	22.0	76.0	2.0	2.0	68.0	24.0	10.0	28.0	20.0	70.0	14.0	20.0	66.0	28.0	12.0	60.0	46.0	6.0	100.0	22.0	16.0	8.0	4.0	66.0	18.0	72.0	6.0	12.0	6.0	76.0	58.0	12.0	22.0	26.0	54.0	4.0	2.0	2.0	130.0
CHEMBL3934594	1.0	26.0	86.0	18.0	16.0	22.0	14.0	12.0	8.0	16.0	10.0	10.0	20.0	14.0	14.0	22.0	86.0	8.0	6.0	10.0	74.0	2.0	8.0	16.0	0.0	20.0	16.0	14.0	84.0	24.0	12.0	6.0	10.0	80.0	142.0	10.0	62.0	34.0	12.0	22.0	68.0	14.0	66.0	10.0	34.0	58.0	42.0	96.0	12.0	16.0	96.0	16.0	8.0	6.0	32.0	18.0	6.0	12.0	54.0	40.0	14.0	12.0	18.0	10.0	104.0	100.0	12.0	40.0	14.0	6.0	6.0	4.0	22.0	4.0	98.0	42.0	32.0	10.0	52.0	6.0	14.0	58.0	150.0	8.0	10.0	24.0	6.0	74.0	6.0	66.0	68.0	68.0	6.0	8.0	6.0	76.0	4.0	54.0	4.0	8.0	4.0	150.0	14.0	28.0	6.0	22.0	30.0	12.0	144.0	8.0	6.0	86.0	18.0	16.0	88.0	60.0	6.0	8.0	8.0	28.0	24.0	62.0	56.0	128.0	18.0	4.0	48.0	14.0	10.0	124.0	62.0	28.0	8.0	4.0	28.0	22.0	8.0	112.0	60.0	126.0	10.0	26.0	2.0	12.0	2.0	28.0	18.0	2.0	106.0	64.0	16.0	20.0	28.0	18.0	6.0	20.0	16.0	8.0	10.0	78.0	4.0	82.0	26.0	30.0	24.0	16.0	20.0	14.0	82.0	16.0	52.0	8.0	4.0	112.0	60.0	16.0	96.0	16.0	22.0	96.0	16.0	2.0	2.0	66.0	70.0	18.0	62.0	30.0	24.0	26.0	8.0	20.0	28.0	72.0	14.0	16.0	10.0	104.0	38.0	6.0	26.0	124.0	26.0	38.0	8.0	6.0	24.0	26.0	38.0	32.0	98.0	8.0	28.0	52.0	56.0	148.0	6.0	20.0	22.0	26.0	2.0	2.0	18.0	24.0	10.0	78.0	70.0	20.0	14.0	20.0	16.0	28.0	12.0	10.0	96.0	6.0	100.0	72.0	16.0	8.0	4.0	16.0	68.0	72.0	56.0	12.0	6.0	26.0	8.0	12.0	22.0	26.0	54.0	4.0	2.0	2.0	130.0
CHEMBL3958668	1.0	26.0	36.0	18.0	16.0	22.0	14.0	12.0	8.0	16.0	10.0	10.0	70.0	64.0	14.0	22.0	36.0	8.0	6.0	10.0	24.0	2.0	8.0	16.0	0.0	20.0	66.0	14.0	34.0	24.0	12.0	6.0	10.0	30.0	142.0	10.0	12.0	84.0	12.0	22.0	68.0	14.0	16.0	10.0	34.0	8.0	92.0	96.0	12.0	16.0	46.0	16.0	8.0	56.0	32.0	18.0	6.0	12.0	4.0	90.0	14.0	12.0	68.0	60.0	54.0	50.0	12.0	90.0	14.0	6.0	6.0	4.0	72.0	4.0	48.0	92.0	32.0	10.0	102.0	6.0	14.0	108.0	150.0	8.0	60.0	74.0	6.0	24.0	6.0	66.0	18.0	118.0	6.0	8.0	6.0	26.0	54.0	104.0	4.0	8.0	54.0	150.0	14.0	28.0	6.0	22.0	30.0	12.0	144.0	8.0	6.0	36.0	18.0	16.0	88.0	60.0	6.0	8.0	8.0	78.0	74.0	12.0	56.0	78.0	18.0	4.0	48.0	64.0	10.0	74.0	12.0	28.0	58.0	4.0	78.0	22.0	8.0	62.0	10.0	126.0	10.0	26.0	52.0	12.0	2.0	78.0	18.0	2.0	56.0	14.0	16.0	20.0	28.0	18.0	6.0	20.0	16.0	8.0	10.0	128.0	4.0	32.0	26.0	30.0	74.0	16.0	20.0	14.0	132.0	66.0	2.0	58.0	4.0	62.0	10.0	16.0	46.0	16.0	22.0	46.0	16.0	2.0	2.0	66.0	120.0	18.0	62.0	30.0	24.0	76.0	8.0	20.0	28.0	22.0	14.0	16.0	10.0	104.0	88.0	6.0	26.0	124.0	76.0	38.0	8.0	6.0	74.0	76.0	38.0	32.0	98.0	58.0	78.0	52.0	6.0	148.0	6.0	70.0	22.0	26.0	2.0	2.0	18.0	74.0	10.0	28.0	20.0	20.0	14.0	20.0	16.0	78.0	12.0	10.0	46.0	6.0	50.0	22.0	16.0	8.0	4.0	16.0	18.0	22.0	6.0	12.0	6.0	26.0	8.0	12.0	72.0	76.0	104.0	54.0	2.0	52.0	130.0
CHEMBL3651841	1.0	76.0	86.0	18.0	16.0	22.0	14.0	12.0	8.0	16.0	10.0	10.0	20.0	14.0	14.0	22.0	36.0	8.0	6.0	10.0	74.0	2.0	8.0	16.0	0.0	20.0	16.0	14.0	84.0	24.0	12.0	6.0	10.0	80.0	142.0	10.0	62.0	34.0	12.0	22.0	118.0	14.0	16.0	10.0	84.0	8.0	42.0	96.0	12.0	16.0	96.0	16.0	8.0	6.0	32.0	68.0	6.0	12.0	4.0	90.0	14.0	12.0	18.0	10.0	104.0	100.0	12.0	40.0	14.0	6.0	6.0	4.0	22.0	4.0	98.0	42.0	32.0	10.0	52.0	6.0	14.0	108.0	150.0	8.0	10.0	24.0	6.0	74.0	6.0	16.0	68.0	68.0	6.0	8.0	6.0	76.0	4.0	104.0	4.0	8.0	4.0	150.0	14.0	28.0	6.0	22.0	30.0	12.0	144.0	8.0	6.0	86.0	68.0	16.0	88.0	10.0	6.0	58.0	8.0	78.0	24.0	12.0	56.0	128.0	18.0	4.0	98.0	14.0	10.0	124.0	12.0	28.0	8.0	4.0	28.0	22.0	8.0	112.0	60.0	126.0	60.0	76.0	2.0	12.0	2.0	28.0	18.0	2.0	106.0	64.0	16.0	20.0	28.0	18.0	56.0	70.0	16.0	8.0	10.0	128.0	4.0	82.0	26.0	30.0	24.0	16.0	20.0	64.0	132.0	16.0	2.0	8.0	4.0	112.0	10.0	16.0	96.0	16.0	22.0	96.0	16.0	2.0	52.0	66.0	120.0	18.0	62.0	30.0	24.0	26.0	58.0	20.0	28.0	22.0	14.0	16.0	10.0	104.0	38.0	56.0	26.0	124.0	26.0	88.0	8.0	6.0	24.0	26.0	38.0	32.0	98.0	58.0	28.0	102.0	6.0	148.0	6.0	20.0	72.0	26.0	2.0	2.0	18.0	24.0	10.0	78.0	20.0	20.0	64.0	20.0	16.0	28.0	12.0	10.0	96.0	6.0	100.0	22.0	16.0	8.0	4.0	16.0	68.0	22.0	6.0	12.0	6.0	76.0	8.0	12.0	72.0	26.0	104.0	4.0	2.0	2.0	130.0
CHEMBL2042981	1.0	76.0	36.0	18.0	16.0	72.0	14.0	12.0	8.0	16.0	10.0	10.0	20.0	14.0	14.0	22.0	86.0	8.0	6.0	10.0	24.0	2.0	8.0	16.0	0.0	20.0	16.0	14.0	34.0	24.0	12.0	56.0	10.0	80.0	142.0	60.0	62.0	34.0	12.0	72.0	68.0	14.0	16.0	10.0	84.0	58.0	42.0	96.0	62.0	16.0	96.0	66.0	8.0	6.0	32.0	18.0	6.0	12.0	4.0	90.0	14.0	12.0	18.0	10.0	104.0	100.0	12.0	40.0	14.0	6.0	6.0	4.0	22.0	4.0	98.0	42.0	32.0	60.0	52.0	6.0	14.0	108.0	150.0	58.0	10.0	24.0	56.0	74.0	6.0	16.0	68.0	68.0	6.0	8.0	6.0	76.0	4.0	54.0	4.0	8.0	4.0	150.0	14.0	28.0	6.0	72.0	30.0	12.0	144.0	8.0	6.0	86.0	18.0	66.0	88.0	10.0	6.0	8.0	8.0	28.0	24.0	12.0	56.0	128.0	18.0	54.0	48.0	14.0	60.0	124.0	12.0	28.0	8.0	4.0	28.0	22.0	8.0	112.0	10.0	126.0	60.0	26.0	2.0	12.0	2.0	28.0	18.0	2.0	106.0	14.0	16.0	20.0	28.0	18.0	6.0	20.0	16.0	8.0	10.0	128.0	4.0	82.0	26.0	30.0	24.0	16.0	20.0	14.0	132.0	16.0	2.0	8.0	4.0	112.0	10.0	16.0	96.0	16.0	22.0	96.0	16.0	2.0	2.0	16.0	120.0	18.0	12.0	30.0	24.0	26.0	8.0	20.0	28.0	22.0	14.0	16.0	10.0	104.0	38.0	56.0	26.0	124.0	26.0	88.0	8.0	6.0	24.0	26.0	38.0	32.0	98.0	8.0	28.0	102.0	6.0	148.0	6.0	20.0	22.0	26.0	2.0	2.0	18.0	24.0	10.0	78.0	20.0	70.0	14.0	20.0	16.0	28.0	12.0	10.0	96.0	6.0	100.0	72.0	16.0	8.0	4.0	16.0	18.0	22.0	6.0	12.0	6.0	26.0	8.0	12.0	72.0	26.0	104.0	4.0	2.0	2.0	130.0
CHEMBL1779197	1.0	26.0	36.0	18.0	16.0	22.0	14.0	12.0	8.0	16.0	10.0	10.0	70.0	14.0	14.0	22.0	36.0	8.0	6.0	10.0	24.0	2.0	8.0	66.0	0.0	20.0	66.0	14.0	34.0	24.0	12.0	6.0	60.0	30.0	142.0	10.0	12.0	84.0	12.0	22.0	68.0	14.0	16.0	10.0	34.0	8.0	42.0	46.0	12.0	16.0	96.0	16.0	8.0	6.0	32.0	18.0	6.0	12.0	4.0	90.0	14.0	12.0	68.0	10.0	54.0	50.0	12.0	40.0	14.0	6.0	6.0	4.0	72.0	4.0	48.0	42.0	32.0	10.0	102.0	6.0	14.0	58.0	150.0	8.0	10.0	74.0	6.0	24.0	6.0	16.0	18.0	118.0	6.0	8.0	6.0	26.0	4.0	104.0	4.0	8.0	4.0	150.0	14.0	78.0	6.0	72.0	30.0	12.0	144.0	8.0	6.0	36.0	18.0	66.0	88.0	10.0	6.0	8.0	8.0	28.0	74.0	12.0	56.0	78.0	18.0	4.0	98.0	14.0	10.0	74.0	12.0	28.0	8.0	4.0	28.0	22.0	8.0	62.0	10.0	126.0	10.0	26.0	2.0	12.0	2.0	78.0	18.0	2.0	56.0	14.0	16.0	20.0	78.0	18.0	6.0	20.0	16.0	8.0	10.0	128.0	4.0	32.0	76.0	80.0	24.0	16.0	20.0	14.0	132.0	66.0	2.0	58.0	4.0	62.0	10.0	16.0	96.0	16.0	22.0	46.0	16.0	2.0	2.0	66.0	120.0	18.0	12.0	30.0	24.0	76.0	8.0	20.0	28.0	22.0	14.0	16.0	10.0	104.0	88.0	6.0	26.0	124.0	76.0	38.0	58.0	6.0	74.0	26.0	38.0	32.0	98.0	8.0	78.0	52.0	6.0	148.0	6.0	20.0	22.0	26.0	2.0	2.0	18.0	74.0	10.0	28.0	20.0	20.0	14.0	20.0	16.0	28.0	12.0	10.0	96.0	6.0	50.0	22.0	16.0	8.0	4.0	66.0	18.0	22.0	6.0	12.0	6.0	76.0	8.0	12.0	22.0	76.0	54.0	4.0	2.0	2.0	130.0
CHEMBL3330852	1.0	26.0	86.0	18.0	16.0	22.0	14.0	12.0	8.0	16.0	10.0	10.0	20.0	14.0	14.0	22.0	86.0	8.0	6.0	10.0	74.0	52.0	8.0	16.0	0.0	20.0	16.0	14.0	84.0	24.0	12.0	6.0	10.0	80.0	142.0	10.0	62.0	34.0	12.0	22.0	118.0	14.0	16.0	60.0	34.0	8.0	42.0	96.0	62.0	16.0	96.0	16.0	8.0	6.0	32.0	18.0	6.0	12.0	4.0	40.0	14.0	12.0	68.0	10.0	104.0	100.0	12.0	40.0	14.0	6.0	6.0	4.0	22.0	4.0	48.0	42.0	32.0	10.0	52.0	6.0	14.0	58.0	150.0	8.0	10.0	24.0	6.0	74.0	6.0	16.0	68.0	68.0	6.0	8.0	6.0	76.0	4.0	54.0	4.0	8.0	4.0	150.0	14.0	28.0	6.0	22.0	30.0	12.0	94.0	8.0	6.0	86.0	18.0	16.0	88.0	10.0	6.0	8.0	8.0	28.0	24.0	12.0	56.0	128.0	68.0	4.0	98.0	14.0	10.0	124.0	62.0	28.0	8.0	4.0	28.0	22.0	8.0	112.0	10.0	126.0	10.0	26.0	52.0	12.0	2.0	28.0	18.0	2.0	106.0	64.0	16.0	20.0	28.0	68.0	6.0	20.0	16.0	58.0	10.0	128.0	4.0	82.0	26.0	80.0	74.0	16.0	20.0	14.0	132.0	16.0	2.0	8.0	4.0	112.0	10.0	16.0	96.0	16.0	22.0	96.0	16.0	2.0	2.0	16.0	70.0	18.0	62.0	30.0	24.0	26.0	8.0	20.0	28.0	22.0	14.0	16.0	10.0	104.0	88.0	6.0	26.0	124.0	26.0	88.0	8.0	6.0	24.0	26.0	38.0	32.0	98.0	8.0	28.0	52.0	6.0	148.0	6.0	20.0	72.0	26.0	2.0	2.0	18.0	24.0	10.0	78.0	20.0	20.0	14.0	20.0	16.0	28.0	12.0	60.0	96.0	6.0	100.0	22.0	16.0	8.0	4.0	16.0	18.0	22.0	6.0	12.0	6.0	26.0	8.0	12.0	72.0	26.0	54.0	4.0	2.0	2.0	130.0
CHEMBL1642262	1.0	76.0	36.0	18.0	16.0	22.0	14.0	12.0	8.0	16.0	10.0	10.0	70.0	14.0	64.0	22.0	36.0	8.0	6.0	10.0	24.0	2.0	58.0	16.0	0.0	20.0	16.0	14.0	34.0	24.0	12.0	6.0	10.0	80.0	142.0	10.0	12.0	34.0	12.0	22.0	118.0	14.0	66.0	10.0	84.0	8.0	42.0	96.0	62.0	16.0	96.0	16.0	8.0	6.0	32.0	18.0	6.0	12.0	4.0	40.0	14.0	12.0	18.0	10.0	104.0	100.0	62.0	40.0	14.0	6.0	6.0	4.0	22.0	4.0	98.0	42.0	32.0	10.0	52.0	6.0	14.0	108.0	150.0	58.0	10.0	74.0	6.0	74.0	6.0	16.0	68.0	68.0	6.0	8.0	6.0	26.0	4.0	104.0	4.0	8.0	4.0	150.0	14.0	28.0	6.0	22.0	30.0	12.0	144.0	8.0	6.0	86.0	18.0	16.0	88.0	10.0	6.0	8.0	8.0	28.0	24.0	12.0	56.0	128.0	18.0	4.0	98.0	14.0	10.0	124.0	12.0	28.0	8.0	4.0	28.0	22.0	8.0	62.0	60.0	126.0	10.0	26.0	2.0	12.0	2.0	78.0	18.0	2.0	106.0	14.0	16.0	70.0	78.0	18.0	6.0	20.0	16.0	8.0	10.0	128.0	4.0	32.0	76.0	30.0	24.0	16.0	20.0	14.0	132.0	16.0	2.0	8.0	4.0	112.0	10.0	16.0	96.0	16.0	22.0	96.0	16.0	2.0	2.0	66.0	120.0	18.0	12.0	30.0	24.0	26.0	8.0	20.0	28.0	22.0	14.0	16.0	10.0	104.0	38.0	6.0	26.0	124.0	26.0	88.0	8.0	6.0	24.0	26.0	38.0	32.0	98.0	8.0	28.0	102.0	6.0	148.0	6.0	20.0	22.0	26.0	2.0	2.0	68.0	24.0	10.0	28.0	20.0	20.0	14.0	20.0	16.0	28.0	12.0	10.0	96.0	6.0	100.0	22.0	16.0	8.0	4.0	66.0	18.0	22.0	6.0	12.0	6.0	76.0	8.0	12.0	72.0	26.0	104.0	4.0	2.0	2.0	130.0
CHEMBL3893584	1.0	26.0	36.0	18.0	16.0	22.0	14.0	12.0	8.0	16.0	10.0	60.0	20.0	14.0	64.0	22.0	36.0	8.0	6.0	10.0	24.0	2.0	8.0	66.0	0.0	20.0	66.0	14.0	34.0	24.0	12.0	6.0	60.0	30.0	142.0	10.0	12.0	84.0	12.0	22.0	68.0	14.0	16.0	10.0	34.0	8.0	42.0	46.0	62.0	16.0	96.0	16.0	8.0	6.0	32.0	18.0	6.0	12.0	4.0	90.0	14.0	12.0	68.0	10.0	54.0	50.0	12.0	90.0	14.0	6.0	6.0	4.0	72.0	4.0	48.0	42.0	32.0	10.0	102.0	6.0	14.0	108.0	150.0	8.0	10.0	74.0	6.0	24.0	6.0	16.0	18.0	118.0	6.0	8.0	6.0	76.0	4.0	104.0	4.0	8.0	4.0	150.0	14.0	78.0	6.0	72.0	30.0	12.0	144.0	8.0	6.0	36.0	18.0	66.0	88.0	10.0	6.0	8.0	8.0	28.0	74.0	12.0	56.0	78.0	18.0	4.0	48.0	14.0	10.0	124.0	12.0	28.0	8.0	4.0	28.0	22.0	8.0	62.0	10.0	126.0	10.0	26.0	2.0	12.0	2.0	28.0	18.0	2.0	56.0	14.0	16.0	70.0	28.0	18.0	56.0	20.0	66.0	8.0	10.0	78.0	4.0	32.0	26.0	80.0	24.0	16.0	20.0	14.0	82.0	66.0	2.0	58.0	4.0	112.0	10.0	16.0	46.0	16.0	22.0	46.0	16.0	52.0	2.0	16.0	120.0	18.0	12.0	30.0	24.0	76.0	8.0	20.0	28.0	22.0	14.0	16.0	10.0	104.0	88.0	6.0	26.0	74.0	76.0	38.0	8.0	6.0	74.0	76.0	38.0	32.0	98.0	8.0	78.0	52.0	6.0	148.0	6.0	20.0	22.0	26.0	2.0	2.0	68.0	74.0	10.0	28.0	20.0	20.0	14.0	20.0	16.0	78.0	12.0	10.0	46.0	56.0	50.0	22.0	16.0	8.0	4.0	16.0	18.0	22.0	6.0	12.0	6.0	26.0	8.0	12.0	22.0	76.0	54.0	4.0	2.0	2.0	130.0
CHEMBL3928036	1.0	26.0	36.0	18.0	16.0	22.0	14.0	12.0	8.0	16.0	10.0	60.0	70.0	14.0	64.0	22.0	36.0	8.0	6.0	10.0	24.0	2.0	58.0	66.0	0.0	20.0	66.0	14.0	34.0	24.0	12.0	6.0	60.0	80.0	92.0	10.0	12.0	84.0	12.0	22.0	68.0	64.0	16.0	10.0	34.0	8.0	42.0	46.0	12.0	16.0	96.0	16.0	8.0	56.0	32.0	18.0	6.0	12.0	4.0	90.0	14.0	12.0	68.0	10.0	54.0	50.0	12.0	90.0	14.0	6.0	6.0	4.0	72.0	4.0	48.0	42.0	32.0	10.0	102.0	6.0	14.0	108.0	150.0	58.0	10.0	24.0	6.0	24.0	6.0	16.0	18.0	118.0	6.0	8.0	6.0	26.0	4.0	104.0	4.0	8.0	4.0	150.0	64.0	78.0	6.0	72.0	30.0	12.0	144.0	8.0	6.0	36.0	18.0	66.0	88.0	10.0	6.0	8.0	8.0	28.0	74.0	12.0	106.0	78.0	18.0	4.0	98.0	14.0	10.0	74.0	12.0	28.0	8.0	4.0	78.0	22.0	8.0	62.0	10.0	126.0	10.0	76.0	2.0	12.0	2.0	78.0	18.0	2.0	106.0	64.0	16.0	20.0	28.0	18.0	6.0	20.0	16.0	8.0	10.0	128.0	4.0	32.0	26.0	80.0	24.0	16.0	20.0	14.0	132.0	66.0	2.0	58.0	4.0	112.0	10.0	16.0	46.0	16.0	22.0	46.0	16.0	2.0	2.0	66.0	120.0	18.0	12.0	30.0	24.0	76.0	8.0	20.0	28.0	22.0	14.0	16.0	10.0	104.0	88.0	6.0	26.0	124.0	76.0	88.0	8.0	6.0	74.0	76.0	88.0	32.0	98.0	8.0	78.0	52.0	56.0	148.0	6.0	20.0	22.0	26.0	2.0	2.0	68.0	24.0	10.0	28.0	20.0	20.0	14.0	20.0	16.0	78.0	12.0	10.0	46.0	6.0	50.0	22.0	16.0	8.0	4.0	16.0	18.0	22.0	6.0	12.0	6.0	26.0	58.0	12.0	22.0	26.0	54.0	4.0	2.0	2.0	130.0
CHEMBL1778721	1.0	26.0	36.0	18.0	16.0	22.0	14.0	12.0	8.0	16.0	10.0	10.0	20.0	64.0	14.0	22.0	86.0	8.0	6.0	10.0	74.0	2.0	8.0	16.0	0.0	20.0	16.0	14.0	34.0	24.0	12.0	6.0	10.0	30.0	142.0	10.0	12.0	84.0	12.0	22.0	68.0	14.0	16.0	10.0	34.0	8.0	42.0	46.0	12.0	16.0	46.0	16.0	8.0	6.0	32.0	18.0	6.0	12.0	4.0	90.0	64.0	12.0	18.0	10.0	54.0	50.0	12.0	90.0	14.0	6.0	6.0	4.0	22.0	4.0	48.0	92.0	32.0	10.0	52.0	6.0	14.0	58.0	150.0	8.0	60.0	24.0	6.0	24.0	6.0	16.0	18.0	118.0	6.0	8.0	6.0	26.0	4.0	104.0	4.0	8.0	4.0	150.0	14.0	28.0	6.0	22.0	30.0	62.0	144.0	8.0	6.0	36.0	18.0	16.0	38.0	10.0	6.0	8.0	8.0	28.0	24.0	62.0	106.0	78.0	18.0	4.0	48.0	14.0	10.0	124.0	12.0	78.0	8.0	4.0	28.0	22.0	58.0	112.0	10.0	126.0	10.0	26.0	2.0	62.0	2.0	78.0	18.0	2.0	106.0	14.0	16.0	20.0	28.0	18.0	6.0	20.0	16.0	8.0	10.0	78.0	4.0	32.0	26.0	30.0	24.0	16.0	20.0	14.0	82.0	16.0	2.0	8.0	4.0	62.0	10.0	16.0	46.0	16.0	72.0	46.0	16.0	2.0	2.0	66.0	120.0	18.0	12.0	80.0	24.0	26.0	8.0	70.0	28.0	22.0	14.0	16.0	10.0	54.0	38.0	6.0	26.0	74.0	76.0	38.0	8.0	6.0	24.0	26.0	88.0	32.0	98.0	8.0	28.0	52.0	6.0	148.0	56.0	20.0	22.0	26.0	2.0	2.0	18.0	74.0	10.0	28.0	20.0	20.0	14.0	20.0	16.0	28.0	12.0	10.0	46.0	6.0	50.0	22.0	16.0	8.0	4.0	16.0	18.0	22.0	6.0	12.0	6.0	26.0	8.0	12.0	22.0	26.0	54.0	54.0	2.0	2.0	130.0
CHEMBL1922968	1.0	26.0	36.0	68.0	16.0	22.0	64.0	62.0	8.0	16.0	10.0	60.0	20.0	14.0	14.0	22.0	86.0	8.0	6.0	10.0	24.0	2.0	8.0	16.0	0.0	20.0	16.0	14.0	34.0	24.0	12.0	6.0	10.0	30.0	142.0	10.0	12.0	34.0	12.0	22.0	68.0	14.0	16.0	60.0	34.0	8.0	92.0	96.0	12.0	16.0	46.0	16.0	8.0	6.0	32.0	18.0	6.0	12.0	54.0	90.0	14.0	12.0	18.0	10.0	54.0	100.0	12.0	40.0	14.0	6.0	6.0	4.0	22.0	4.0	48.0	42.0	32.0	10.0	52.0	6.0	14.0	108.0	150.0	8.0	10.0	24.0	6.0	24.0	6.0	16.0	18.0	118.0	6.0	58.0	6.0	26.0	4.0	54.0	4.0	8.0	4.0	150.0	14.0	28.0	6.0	22.0	30.0	62.0	144.0	8.0	6.0	36.0	18.0	16.0	88.0	10.0	6.0	8.0	58.0	28.0	24.0	12.0	106.0	128.0	18.0	4.0	48.0	14.0	10.0	74.0	62.0	78.0	8.0	4.0	28.0	72.0	58.0	112.0	10.0	126.0	10.0	76.0	2.0	12.0	2.0	28.0	18.0	2.0	56.0	14.0	16.0	20.0	28.0	18.0	6.0	20.0	16.0	8.0	10.0	78.0	4.0	32.0	26.0	30.0	74.0	16.0	20.0	14.0	132.0	16.0	2.0	8.0	4.0	112.0	10.0	16.0	46.0	16.0	22.0	96.0	16.0	2.0	2.0	66.0	120.0	18.0	12.0	80.0	74.0	26.0	8.0	70.0	78.0	72.0	64.0	16.0	60.0	54.0	38.0	6.0	76.0	74.0	26.0	88.0	8.0	6.0	24.0	26.0	88.0	82.0	48.0	8.0	28.0	102.0	56.0	148.0	6.0	20.0	22.0	76.0	52.0	2.0	18.0	24.0	10.0	28.0	20.0	20.0	14.0	20.0	16.0	78.0	12.0	10.0	96.0	6.0	100.0	22.0	16.0	8.0	4.0	16.0	68.0	22.0	6.0	12.0	6.0	26.0	8.0	12.0	22.0	26.0	54.0	4.0	2.0	2.0	130.0
CHEMBL4469087	1.0	26.0	36.0	18.0	66.0	22.0	64.0	12.0	8.0	16.0	10.0	10.0	70.0	14.0	64.0	22.0	86.0	8.0	56.0	10.0	24.0	2.0	8.0	16.0	0.0	20.0	16.0	14.0	34.0	24.0	62.0	6.0	10.0	80.0	142.0	60.0	12.0	34.0	12.0	72.0	68.0	14.0	16.0	60.0	84.0	8.0	92.0	96.0	12.0	16.0	46.0	16.0	8.0	6.0	32.0	18.0	6.0	12.0	4.0	90.0	14.0	12.0	18.0	10.0	104.0	100.0	62.0	40.0	14.0	6.0	6.0	54.0	22.0	4.0	48.0	42.0	32.0	10.0	52.0	6.0	14.0	108.0	150.0	8.0	10.0	24.0	6.0	24.0	6.0	16.0	18.0	68.0	6.0	8.0	6.0	26.0	4.0	54.0	4.0	8.0	4.0	150.0	14.0	28.0	6.0	22.0	30.0	12.0	144.0	8.0	6.0	36.0	18.0	16.0	88.0	10.0	6.0	8.0	8.0	28.0	24.0	12.0	106.0	128.0	18.0	4.0	48.0	14.0	10.0	124.0	12.0	78.0	8.0	4.0	78.0	22.0	8.0	62.0	10.0	126.0	10.0	26.0	2.0	12.0	2.0	28.0	18.0	2.0	106.0	14.0	16.0	20.0	28.0	68.0	56.0	20.0	16.0	8.0	10.0	128.0	4.0	32.0	26.0	30.0	24.0	16.0	20.0	14.0	132.0	16.0	52.0	8.0	4.0	112.0	10.0	66.0	96.0	16.0	22.0	96.0	16.0	2.0	2.0	16.0	120.0	18.0	12.0	30.0	24.0	26.0	8.0	20.0	28.0	22.0	14.0	16.0	10.0	54.0	38.0	6.0	26.0	124.0	76.0	88.0	8.0	6.0	24.0	26.0	88.0	82.0	48.0	8.0	28.0	102.0	6.0	148.0	6.0	20.0	22.0	76.0	52.0	2.0	18.0	24.0	10.0	28.0	70.0	20.0	64.0	20.0	66.0	28.0	12.0	10.0	46.0	6.0	100.0	22.0	66.0	58.0	54.0	16.0	18.0	22.0	6.0	12.0	6.0	26.0	58.0	12.0	72.0	26.0	104.0	4.0	2.0	2.0	130.0
CHEMBL3669137	1.0	26.0	86.0	18.0	16.0	22.0	14.0	12.0	8.0	16.0	10.0	10.0	70.0	14.0	64.0	22.0	36.0	8.0	56.0	10.0	24.0	2.0	8.0	16.0	0.0	20.0	16.0	14.0	84.0	24.0	62.0	6.0	60.0	80.0	142.0	60.0	12.0	84.0	12.0	22.0	118.0	14.0	16.0	10.0	84.0	8.0	92.0	96.0	12.0	16.0	46.0	66.0	8.0	6.0	82.0	18.0	6.0	12.0	4.0	40.0	14.0	12.0	18.0	10.0	104.0	100.0	62.0	40.0	14.0	6.0	56.0	4.0	22.0	4.0	48.0	42.0	32.0	10.0	52.0	6.0	14.0	58.0	150.0	8.0	10.0	24.0	6.0	24.0	6.0	16.0	18.0	68.0	6.0	8.0	6.0	76.0	4.0	104.0	54.0	8.0	4.0	150.0	14.0	28.0	6.0	22.0	30.0	12.0	144.0	8.0	6.0	36.0	18.0	16.0	38.0	60.0	6.0	8.0	58.0	28.0	24.0	12.0	106.0	128.0	18.0	4.0	98.0	14.0	10.0	124.0	62.0	78.0	8.0	4.0	28.0	22.0	8.0	112.0	10.0	126.0	10.0	76.0	2.0	12.0	2.0	28.0	18.0	2.0	106.0	14.0	66.0	20.0	28.0	68.0	6.0	20.0	16.0	8.0	10.0	128.0	4.0	32.0	26.0	80.0	74.0	16.0	20.0	14.0	132.0	16.0	2.0	8.0	4.0	112.0	60.0	16.0	96.0	16.0	22.0	96.0	16.0	2.0	2.0	16.0	120.0	18.0	12.0	80.0	24.0	76.0	8.0	20.0	28.0	72.0	14.0	16.0	10.0	54.0	38.0	6.0	26.0	124.0	26.0	88.0	8.0	6.0	24.0	26.0	88.0	82.0	48.0	8.0	78.0	102.0	6.0	148.0	6.0	70.0	22.0	26.0	2.0	2.0	18.0	24.0	10.0	78.0	70.0	20.0	64.0	20.0	16.0	28.0	12.0	10.0	46.0	6.0	100.0	72.0	16.0	8.0	4.0	16.0	18.0	22.0	6.0	12.0	6.0	26.0	8.0	62.0	22.0	26.0	104.0	4.0	2.0	2.0	130.0
CHEMBL2172330	1.0	26.0	86.0	68.0	16.0	72.0	14.0	12.0	8.0	16.0	60.0	10.0	20.0	14.0	14.0	22.0	36.0	58.0	6.0	10.0	74.0	2.0	8.0	16.0	0.0	20.0	16.0	14.0	84.0	24.0	12.0	6.0	10.0	30.0	142.0	10.0	12.0	34.0	12.0	22.0	118.0	14.0	16.0	10.0	34.0	8.0	92.0	46.0	12.0	16.0	46.0	16.0	58.0	6.0	32.0	68.0	6.0	12.0	4.0	40.0	64.0	12.0	18.0	10.0	54.0	50.0	12.0	40.0	14.0	6.0	6.0	4.0	72.0	4.0	48.0	42.0	82.0	10.0	52.0	6.0	14.0	108.0	150.0	58.0	10.0	24.0	6.0	24.0	6.0	16.0	18.0	118.0	6.0	8.0	6.0	26.0	4.0	54.0	54.0	8.0	4.0	150.0	64.0	28.0	6.0	22.0	80.0	12.0	144.0	8.0	6.0	36.0	18.0	16.0	38.0	10.0	6.0	8.0	58.0	28.0	74.0	62.0	56.0	78.0	18.0	54.0	98.0	14.0	10.0	124.0	12.0	78.0	8.0	4.0	28.0	72.0	8.0	112.0	10.0	126.0	10.0	26.0	2.0	62.0	2.0	28.0	18.0	2.0	106.0	14.0	16.0	70.0	28.0	18.0	6.0	20.0	16.0	8.0	10.0	128.0	4.0	32.0	76.0	30.0	24.0	16.0	20.0	14.0	132.0	16.0	2.0	8.0	54.0	62.0	10.0	16.0	46.0	66.0	72.0	46.0	16.0	2.0	2.0	16.0	70.0	18.0	12.0	30.0	74.0	26.0	8.0	20.0	28.0	22.0	14.0	16.0	10.0	54.0	88.0	6.0	76.0	124.0	26.0	38.0	8.0	6.0	74.0	76.0	38.0	32.0	98.0	8.0	28.0	52.0	56.0	148.0	6.0	20.0	22.0	76.0	2.0	2.0	18.0	24.0	10.0	28.0	20.0	20.0	64.0	20.0	66.0	28.0	12.0	60.0	96.0	6.0	100.0	22.0	16.0	8.0	4.0	16.0	18.0	22.0	6.0	62.0	6.0	26.0	8.0	12.0	22.0	26.0	104.0	4.0	2.0	2.0	130.0
CHEMBL4162295	1.0	26.0	86.0	18.0	16.0	22.0	14.0	12.0	8.0	16.0	10.0	10.0	20.0	64.0	14.0	22.0	86.0	8.0	6.0	10.0	74.0	2.0	8.0	16.0	0.0	70.0	16.0	14.0	84.0	24.0	12.0	6.0	10.0	80.0	142.0	10.0	62.0	34.0	62.0	22.0	118.0	14.0	66.0	10.0	34.0	8.0	42.0	96.0	12.0	16.0	96.0	66.0	8.0	6.0	32.0	18.0	6.0	12.0	4.0	40.0	14.0	12.0	18.0	10.0	104.0	100.0	12.0	90.0	14.0	6.0	6.0	4.0	72.0	4.0	98.0	42.0	32.0	10.0	52.0	6.0	14.0	108.0	150.0	8.0	60.0	24.0	6.0	74.0	6.0	16.0	68.0	68.0	6.0	8.0	6.0	76.0	4.0	104.0	4.0	8.0	4.0	150.0	14.0	28.0	6.0	22.0	30.0	12.0	144.0	8.0	6.0	86.0	18.0	16.0	88.0	10.0	6.0	8.0	8.0	78.0	24.0	12.0	106.0	128.0	18.0	4.0	98.0	14.0	10.0	124.0	12.0	28.0	8.0	4.0	78.0	22.0	8.0	112.0	10.0	126.0	10.0	26.0	2.0	12.0	2.0	28.0	18.0	2.0	106.0	64.0	16.0	20.0	28.0	18.0	6.0	20.0	16.0	8.0	10.0	78.0	4.0	82.0	26.0	30.0	24.0	16.0	20.0	14.0	82.0	16.0	2.0	8.0	4.0	112.0	10.0	16.0	96.0	66.0	22.0	96.0	66.0	2.0	2.0	16.0	70.0	68.0	62.0	80.0	24.0	26.0	8.0	20.0	78.0	22.0	14.0	16.0	10.0	104.0	88.0	6.0	76.0	124.0	26.0	88.0	8.0	6.0	74.0	26.0	38.0	32.0	98.0	8.0	28.0	52.0	6.0	148.0	6.0	20.0	22.0	26.0	2.0	2.0	18.0	24.0	10.0	78.0	20.0	20.0	14.0	20.0	16.0	78.0	12.0	10.0	96.0	6.0	100.0	22.0	66.0	8.0	4.0	16.0	18.0	22.0	6.0	12.0	6.0	76.0	8.0	12.0	22.0	26.0	54.0	4.0	2.0	2.0	130.0
CHEMBL3651857	1.0	26.0	86.0	18.0	66.0	22.0	14.0	12.0	8.0	16.0	10.0	10.0	70.0	14.0	14.0	22.0	36.0	8.0	6.0	10.0	74.0	2.0	8.0	16.0	0.0	20.0	16.0	64.0	84.0	24.0	12.0	6.0	60.0	30.0	142.0	60.0	62.0	34.0	12.0	22.0	118.0	14.0	66.0	10.0	84.0	8.0	92.0	96.0	12.0	16.0	46.0	16.0	8.0	6.0	32.0	18.0	56.0	12.0	4.0	90.0	14.0	12.0	18.0	10.0	104.0	100.0	12.0	40.0	14.0	6.0	6.0	4.0	22.0	4.0	48.0	92.0	32.0	10.0	52.0	6.0	14.0	108.0	150.0	8.0	10.0	24.0	6.0	74.0	6.0	66.0	18.0	118.0	6.0	8.0	6.0	76.0	4.0	54.0	4.0	8.0	4.0	150.0	14.0	28.0	6.0	22.0	30.0	12.0	144.0	8.0	56.0	36.0	68.0	16.0	88.0	10.0	6.0	8.0	8.0	78.0	24.0	12.0	106.0	128.0	18.0	4.0	48.0	14.0	10.0	124.0	12.0	28.0	8.0	4.0	28.0	22.0	8.0	112.0	10.0	126.0	10.0	26.0	2.0	12.0	2.0	28.0	18.0	2.0	56.0	64.0	16.0	20.0	28.0	68.0	6.0	20.0	16.0	8.0	10.0	128.0	4.0	82.0	26.0	30.0	24.0	16.0	20.0	14.0	132.0	16.0	2.0	8.0	4.0	112.0	10.0	16.0	96.0	16.0	22.0	96.0	16.0	52.0	2.0	16.0	120.0	18.0	62.0	80.0	24.0	26.0	58.0	20.0	28.0	72.0	64.0	16.0	10.0	104.0	88.0	6.0	26.0	124.0	26.0	88.0	8.0	6.0	74.0	26.0	38.0	82.0	48.0	8.0	28.0	102.0	6.0	148.0	6.0	20.0	72.0	26.0	2.0	2.0	18.0	74.0	10.0	78.0	20.0	20.0	14.0	20.0	16.0	28.0	12.0	10.0	96.0	6.0	100.0	22.0	66.0	8.0	4.0	16.0	18.0	22.0	56.0	12.0	6.0	26.0	8.0	62.0	22.0	26.0	104.0	4.0	2.0	2.0	130.0
CHEMBL3953815	1.0	26.0	36.0	18.0	16.0	72.0	14.0	12.0	58.0	66.0	10.0	10.0	20.0	14.0	14.0	22.0	86.0	8.0	6.0	10.0	24.0	2.0	8.0	66.0	0.0	20.0	66.0	14.0	34.0	24.0	12.0	6.0	60.0	80.0	142.0	10.0	12.0	84.0	12.0	72.0	118.0	14.0	16.0	10.0	34.0	8.0	92.0	96.0	12.0	16.0	96.0	16.0	8.0	6.0	32.0	18.0	6.0	12.0	4.0	90.0	64.0	12.0	18.0	60.0	54.0	50.0	12.0	40.0	14.0	6.0	56.0	4.0	72.0	4.0	48.0	42.0	32.0	10.0	102.0	6.0	64.0	108.0	150.0	8.0	10.0	74.0	6.0	24.0	6.0	16.0	68.0	118.0	6.0	8.0	6.0	26.0	4.0	104.0	4.0	8.0	4.0	150.0	14.0	78.0	6.0	72.0	30.0	12.0	144.0	8.0	6.0	36.0	18.0	66.0	88.0	10.0	6.0	8.0	8.0	78.0	74.0	12.0	56.0	78.0	68.0	4.0	48.0	14.0	10.0	74.0	12.0	28.0	8.0	4.0	28.0	22.0	8.0	62.0	10.0	126.0	10.0	26.0	2.0	12.0	2.0	28.0	18.0	2.0	56.0	14.0	16.0	20.0	78.0	18.0	6.0	20.0	16.0	8.0	10.0	128.0	4.0	32.0	26.0	80.0	24.0	16.0	20.0	14.0	132.0	16.0	2.0	58.0	4.0	62.0	10.0	16.0	46.0	16.0	22.0	46.0	16.0	2.0	2.0	16.0	120.0	68.0	12.0	30.0	24.0	76.0	8.0	20.0	28.0	22.0	14.0	16.0	10.0	104.0	88.0	6.0	26.0	124.0	76.0	38.0	8.0	6.0	74.0	26.0	38.0	32.0	98.0	8.0	78.0	52.0	6.0	148.0	6.0	20.0	22.0	26.0	2.0	2.0	18.0	74.0	10.0	28.0	20.0	20.0	14.0	20.0	16.0	28.0	62.0	10.0	46.0	6.0	50.0	22.0	16.0	8.0	4.0	16.0	18.0	22.0	6.0	62.0	6.0	26.0	8.0	12.0	22.0	76.0	104.0	4.0	2.0	2.0	130.0
CHEMBL3805123	1.0	26.0	36.0	68.0	66.0	72.0	14.0	12.0	8.0	16.0	10.0	10.0	20.0	14.0	14.0	72.0	36.0	8.0	6.0	10.0	24.0	2.0	8.0	16.0	0.0	70.0	16.0	14.0	34.0	24.0	12.0	6.0	10.0	30.0	142.0	10.0	12.0	34.0	12.0	22.0	118.0	14.0	66.0	10.0	34.0	8.0	92.0	46.0	12.0	16.0	46.0	16.0	58.0	6.0	82.0	68.0	6.0	62.0	4.0	40.0	14.0	12.0	18.0	10.0	54.0	50.0	12.0	40.0	64.0	6.0	6.0	4.0	22.0	54.0	48.0	92.0	32.0	10.0	102.0	6.0	64.0	108.0	150.0	8.0	10.0	24.0	6.0	24.0	6.0	16.0	18.0	118.0	56.0	8.0	6.0	26.0	4.0	54.0	4.0	8.0	4.0	150.0	14.0	28.0	6.0	22.0	30.0	12.0	144.0	8.0	6.0	36.0	18.0	16.0	38.0	10.0	6.0	8.0	8.0	28.0	74.0	12.0	106.0	128.0	18.0	4.0	98.0	14.0	10.0	124.0	12.0	28.0	58.0	4.0	28.0	72.0	8.0	112.0	10.0	126.0	10.0	26.0	2.0	62.0	2.0	28.0	68.0	2.0	106.0	14.0	16.0	70.0	78.0	18.0	6.0	20.0	16.0	58.0	10.0	128.0	4.0	32.0	26.0	30.0	24.0	16.0	20.0	64.0	132.0	16.0	2.0	8.0	4.0	62.0	10.0	16.0	96.0	66.0	22.0	46.0	16.0	2.0	2.0	16.0	120.0	18.0	12.0	30.0	74.0	26.0	8.0	20.0	28.0	22.0	14.0	16.0	10.0	104.0	38.0	6.0	76.0	124.0	26.0	38.0	8.0	6.0	24.0	26.0	88.0	82.0	48.0	8.0	28.0	102.0	6.0	148.0	6.0	20.0	22.0	76.0	2.0	52.0	18.0	24.0	10.0	28.0	20.0	20.0	14.0	70.0	16.0	78.0	12.0	10.0	96.0	6.0	50.0	22.0	16.0	8.0	4.0	66.0	18.0	22.0	6.0	12.0	6.0	26.0	8.0	12.0	22.0	26.0	104.0	4.0	2.0	2.0	130.0
CHEMBL3822973	1.0	76.0	86.0	18.0	16.0	22.0	14.0	12.0	8.0	16.0	10.0	10.0	20.0	14.0	14.0	22.0	36.0	8.0	6.0	10.0	74.0	2.0	8.0	16.0	0.0	20.0	16.0	14.0	84.0	24.0	12.0	6.0	10.0	80.0	142.0	10.0	62.0	34.0	12.0	22.0	68.0	14.0	16.0	10.0	84.0	8.0	42.0	96.0	12.0	16.0	96.0	16.0	8.0	6.0	32.0	18.0	6.0	12.0	4.0	40.0	14.0	12.0	18.0	10.0	104.0	100.0	62.0	40.0	14.0	6.0	6.0	4.0	22.0	4.0	98.0	42.0	32.0	10.0	52.0	6.0	14.0	58.0	150.0	8.0	10.0	24.0	6.0	74.0	6.0	16.0	68.0	68.0	6.0	8.0	6.0	76.0	4.0	54.0	4.0	8.0	4.0	150.0	14.0	28.0	6.0	22.0	30.0	12.0	94.0	8.0	6.0	86.0	18.0	16.0	88.0	10.0	6.0	8.0	8.0	28.0	24.0	12.0	56.0	128.0	18.0	4.0	48.0	14.0	10.0	124.0	12.0	78.0	8.0	4.0	28.0	22.0	8.0	112.0	10.0	126.0	10.0	26.0	2.0	12.0	2.0	28.0	18.0	2.0	106.0	64.0	16.0	20.0	28.0	18.0	6.0	20.0	16.0	8.0	10.0	78.0	4.0	82.0	26.0	30.0	24.0	16.0	20.0	14.0	82.0	16.0	2.0	8.0	4.0	112.0	10.0	16.0	96.0	16.0	22.0	96.0	16.0	2.0	2.0	16.0	120.0	18.0	62.0	30.0	24.0	26.0	8.0	20.0	28.0	22.0	14.0	16.0	10.0	104.0	38.0	6.0	26.0	124.0	26.0	88.0	8.0	6.0	24.0	26.0	38.0	32.0	98.0	8.0	28.0	52.0	6.0	148.0	6.0	20.0	22.0	26.0	2.0	2.0	18.0	24.0	10.0	78.0	20.0	20.0	14.0	20.0	16.0	28.0	12.0	10.0	96.0	6.0	100.0	22.0	16.0	58.0	4.0	16.0	18.0	22.0	6.0	12.0	6.0	26.0	8.0	12.0	72.0	26.0	54.0	4.0	2.0	2.0	130.0
CHEMBL3823268	1.0	76.0	36.0	18.0	16.0	22.0	14.0	12.0	8.0	16.0	10.0	10.0	20.0	14.0	14.0	22.0	36.0	8.0	6.0	10.0	24.0	2.0	8.0	16.0	50.0	20.0	16.0	14.0	34.0	24.0	12.0	6.0	10.0	80.0	142.0	60.0	12.0	34.0	12.0	22.0	118.0	14.0	16.0	10.0	84.0	8.0	42.0	96.0	12.0	16.0	96.0	16.0	8.0	6.0	82.0	18.0	6.0	12.0	4.0	40.0	14.0	12.0	18.0	10.0	104.0	100.0	62.0	40.0	14.0	6.0	6.0	4.0	22.0	4.0	98.0	42.0	32.0	10.0	52.0	6.0	14.0	58.0	150.0	8.0	10.0	24.0	6.0	74.0	6.0	16.0	68.0	68.0	6.0	8.0	6.0	76.0	4.0	54.0	4.0	8.0	4.0	150.0	14.0	28.0	6.0	22.0	30.0	12.0	144.0	8.0	6.0	86.0	18.0	16.0	88.0	10.0	6.0	8.0	8.0	28.0	24.0	12.0	56.0	128.0	18.0	4.0	98.0	14.0	10.0	124.0	12.0	28.0	8.0	4.0	28.0	22.0	8.0	62.0	10.0	126.0	10.0	76.0	2.0	12.0	2.0	28.0	18.0	2.0	106.0	14.0	16.0	20.0	28.0	18.0	6.0	20.0	66.0	58.0	10.0	78.0	4.0	82.0	26.0	30.0	24.0	16.0	20.0	14.0	132.0	16.0	2.0	8.0	4.0	112.0	10.0	16.0	96.0	16.0	72.0	96.0	16.0	2.0	2.0	16.0	120.0	18.0	12.0	30.0	24.0	26.0	8.0	20.0	28.0	72.0	14.0	16.0	10.0	104.0	38.0	6.0	76.0	124.0	26.0	88.0	8.0	6.0	24.0	26.0	38.0	32.0	98.0	8.0	28.0	52.0	6.0	148.0	6.0	20.0	22.0	26.0	2.0	2.0	18.0	24.0	10.0	28.0	20.0	20.0	14.0	20.0	16.0	78.0	12.0	10.0	96.0	6.0	100.0	22.0	16.0	8.0	4.0	16.0	18.0	22.0	6.0	12.0	6.0	26.0	8.0	12.0	72.0	26.0	104.0	4.0	2.0	2.0	130.0
CHEMBL3824007	1.0	76.0	36.0	18.0	16.0	22.0	14.0	12.0	8.0	16.0	10.0	10.0	20.0	14.0	14.0	22.0	36.0	8.0	6.0	10.0	24.0	52.0	8.0	16.0	0.0	20.0	16.0	14.0	34.0	24.0	12.0	6.0	10.0	80.0	142.0	10.0	12.0	34.0	12.0	22.0	118.0	14.0	16.0	10.0	84.0	8.0	42.0	96.0	12.0	16.0	96.0	16.0	8.0	6.0	82.0	18.0	6.0	12.0	4.0	40.0	14.0	12.0	68.0	10.0	104.0	100.0	62.0	40.0	14.0	6.0	6.0	4.0	22.0	4.0	98.0	42.0	32.0	60.0	52.0	6.0	14.0	58.0	150.0	8.0	10.0	74.0	6.0	74.0	6.0	16.0	68.0	68.0	6.0	8.0	6.0	26.0	4.0	54.0	4.0	8.0	4.0	150.0	14.0	28.0	6.0	22.0	30.0	12.0	144.0	8.0	6.0	86.0	18.0	16.0	88.0	10.0	6.0	8.0	8.0	28.0	24.0	12.0	56.0	128.0	18.0	4.0	98.0	14.0	10.0	124.0	12.0	28.0	8.0	4.0	28.0	22.0	58.0	62.0	10.0	126.0	10.0	26.0	2.0	12.0	2.0	28.0	18.0	2.0	106.0	14.0	16.0	20.0	78.0	18.0	6.0	20.0	66.0	8.0	10.0	128.0	4.0	82.0	26.0	30.0	24.0	16.0	20.0	14.0	132.0	16.0	2.0	8.0	4.0	112.0	10.0	16.0	96.0	16.0	22.0	96.0	16.0	2.0	2.0	16.0	120.0	18.0	12.0	30.0	24.0	26.0	8.0	20.0	28.0	72.0	64.0	16.0	10.0	104.0	38.0	6.0	26.0	124.0	26.0	88.0	8.0	6.0	24.0	26.0	38.0	32.0	98.0	8.0	28.0	52.0	6.0	148.0	6.0	20.0	72.0	26.0	2.0	2.0	18.0	24.0	10.0	28.0	20.0	20.0	14.0	70.0	16.0	78.0	12.0	10.0	96.0	56.0	100.0	22.0	16.0	8.0	4.0	66.0	18.0	22.0	6.0	62.0	6.0	26.0	8.0	12.0	72.0	26.0	104.0	4.0	2.0	2.0	130.0
CHEMBL3931742	1.0	26.0	86.0	18.0	16.0	22.0	14.0	12.0	8.0	66.0	10.0	10.0	20.0	14.0	14.0	22.0	36.0	8.0	6.0	10.0	24.0	2.0	8.0	66.0	0.0	20.0	66.0	14.0	84.0	74.0	62.0	6.0	60.0	80.0	142.0	10.0	12.0	84.0	12.0	22.0	68.0	14.0	16.0	10.0	34.0	8.0	92.0	46.0	12.0	16.0	96.0	16.0	8.0	6.0	32.0	68.0	6.0	12.0	4.0	90.0	64.0	12.0	68.0	10.0	104.0	50.0	12.0	40.0	14.0	6.0	6.0	54.0	72.0	4.0	48.0	42.0	32.0	10.0	102.0	6.0	14.0	108.0	150.0	8.0	10.0	74.0	6.0	24.0	6.0	16.0	18.0	118.0	6.0	8.0	6.0	26.0	4.0	104.0	4.0	8.0	4.0	150.0	14.0	78.0	6.0	72.0	30.0	12.0	144.0	8.0	6.0	36.0	18.0	66.0	88.0	10.0	6.0	8.0	8.0	28.0	74.0	12.0	56.0	78.0	18.0	4.0	48.0	14.0	10.0	74.0	12.0	28.0	8.0	4.0	28.0	22.0	8.0	62.0	10.0	126.0	10.0	26.0	2.0	12.0	2.0	28.0	18.0	2.0	56.0	14.0	16.0	20.0	28.0	18.0	6.0	20.0	16.0	8.0	60.0	128.0	4.0	32.0	26.0	80.0	24.0	16.0	20.0	14.0	132.0	16.0	2.0	58.0	4.0	62.0	10.0	16.0	46.0	16.0	22.0	46.0	16.0	2.0	2.0	16.0	120.0	18.0	12.0	30.0	24.0	76.0	8.0	20.0	28.0	22.0	14.0	16.0	10.0	104.0	88.0	6.0	26.0	124.0	76.0	88.0	8.0	6.0	74.0	26.0	38.0	32.0	98.0	8.0	78.0	52.0	6.0	148.0	6.0	20.0	22.0	76.0	2.0	2.0	18.0	74.0	10.0	28.0	20.0	70.0	14.0	20.0	16.0	28.0	12.0	10.0	46.0	6.0	50.0	22.0	16.0	8.0	4.0	16.0	68.0	22.0	6.0	12.0	6.0	26.0	8.0	12.0	22.0	76.0	104.0	4.0	2.0	2.0	130.0
CHEMBL1163565	1.0	26.0	36.0	18.0	16.0	22.0	14.0	62.0	8.0	16.0	10.0	10.0	20.0	14.0	14.0	22.0	86.0	8.0	56.0	60.0	74.0	52.0	8.0	16.0	0.0	20.0	16.0	14.0	84.0	24.0	12.0	56.0	10.0	30.0	142.0	10.0	12.0	34.0	12.0	22.0	118.0	64.0	66.0	10.0	34.0	8.0	42.0	46.0	12.0	66.0	96.0	16.0	8.0	6.0	82.0	18.0	6.0	12.0	4.0	40.0	14.0	12.0	68.0	10.0	54.0	50.0	62.0	40.0	14.0	6.0	56.0	4.0	22.0	4.0	48.0	92.0	32.0	10.0	52.0	6.0	14.0	108.0	150.0	8.0	10.0	24.0	6.0	24.0	6.0	16.0	18.0	118.0	6.0	8.0	6.0	26.0	4.0	54.0	4.0	8.0	4.0	150.0	14.0	28.0	6.0	22.0	30.0	12.0	144.0	8.0	6.0	86.0	68.0	16.0	38.0	60.0	6.0	8.0	8.0	78.0	24.0	12.0	56.0	128.0	18.0	4.0	98.0	14.0	10.0	124.0	12.0	28.0	8.0	4.0	28.0	22.0	8.0	112.0	10.0	126.0	60.0	26.0	2.0	12.0	52.0	28.0	18.0	2.0	106.0	14.0	16.0	20.0	78.0	18.0	6.0	20.0	16.0	58.0	10.0	128.0	4.0	32.0	76.0	30.0	74.0	16.0	70.0	14.0	132.0	66.0	2.0	8.0	4.0	112.0	60.0	16.0	46.0	66.0	22.0	46.0	16.0	2.0	2.0	16.0	70.0	18.0	12.0	30.0	24.0	26.0	8.0	20.0	28.0	22.0	14.0	16.0	10.0	54.0	38.0	6.0	26.0	124.0	26.0	38.0	8.0	6.0	24.0	26.0	88.0	32.0	48.0	58.0	28.0	102.0	6.0	148.0	6.0	70.0	72.0	26.0	2.0	2.0	68.0	24.0	10.0	28.0	20.0	20.0	14.0	70.0	66.0	28.0	12.0	10.0	46.0	6.0	50.0	22.0	16.0	58.0	4.0	16.0	18.0	22.0	6.0	12.0	6.0	26.0	8.0	12.0	72.0	26.0	54.0	4.0	2.0	2.0	130.0
CHEMBL1796254	1.0	76.0	36.0	18.0	16.0	72.0	14.0	12.0	8.0	16.0	10.0	10.0	20.0	14.0	64.0	22.0	36.0	8.0	6.0	10.0	24.0	2.0	58.0	16.0	0.0	20.0	16.0	14.0	34.0	24.0	12.0	6.0	10.0	80.0	142.0	10.0	12.0	34.0	12.0	22.0	68.0	14.0	16.0	10.0	84.0	8.0	92.0	96.0	62.0	16.0	96.0	16.0	8.0	6.0	82.0	18.0	6.0	12.0	4.0	40.0	14.0	12.0	18.0	10.0	104.0	50.0	12.0	40.0	14.0	6.0	6.0	4.0	22.0	4.0	98.0	42.0	32.0	10.0	52.0	6.0	14.0	108.0	150.0	58.0	10.0	24.0	6.0	74.0	6.0	16.0	18.0	68.0	6.0	8.0	6.0	76.0	4.0	104.0	4.0	8.0	4.0	150.0	14.0	28.0	6.0	22.0	30.0	12.0	144.0	8.0	6.0	86.0	18.0	16.0	38.0	10.0	6.0	8.0	8.0	28.0	24.0	12.0	106.0	128.0	18.0	4.0	48.0	14.0	60.0	124.0	12.0	28.0	8.0	4.0	28.0	22.0	8.0	62.0	60.0	126.0	10.0	26.0	2.0	12.0	52.0	28.0	18.0	2.0	106.0	14.0	16.0	20.0	28.0	18.0	56.0	20.0	16.0	8.0	10.0	128.0	4.0	32.0	76.0	30.0	24.0	16.0	20.0	14.0	132.0	16.0	2.0	8.0	4.0	112.0	10.0	16.0	46.0	16.0	22.0	96.0	16.0	52.0	2.0	16.0	120.0	18.0	62.0	30.0	24.0	26.0	8.0	20.0	28.0	22.0	14.0	16.0	10.0	104.0	38.0	6.0	26.0	124.0	26.0	88.0	8.0	6.0	24.0	26.0	38.0	32.0	98.0	8.0	28.0	102.0	6.0	98.0	6.0	20.0	72.0	26.0	2.0	2.0	68.0	24.0	10.0	78.0	20.0	20.0	14.0	70.0	16.0	78.0	12.0	10.0	96.0	6.0	100.0	22.0	66.0	8.0	4.0	16.0	68.0	22.0	6.0	12.0	6.0	76.0	8.0	12.0	72.0	26.0	104.0	4.0	2.0	2.0	130.0
CHEMBL3604632	1.0	26.0	86.0	18.0	66.0	22.0	14.0	12.0	8.0	16.0	10.0	10.0	20.0	14.0	14.0	22.0	36.0	8.0	6.0	10.0	24.0	2.0	8.0	16.0	0.0	20.0	16.0	14.0	84.0	24.0	12.0	6.0	10.0	80.0	142.0	60.0	12.0	84.0	12.0	22.0	68.0	14.0	66.0	10.0	84.0	8.0	92.0	96.0	12.0	16.0	96.0	16.0	8.0	6.0	32.0	18.0	56.0	12.0	4.0	90.0	14.0	12.0	18.0	10.0	104.0	50.0	12.0	40.0	14.0	6.0	6.0	4.0	22.0	4.0	48.0	42.0	32.0	10.0	52.0	6.0	14.0	58.0	150.0	8.0	60.0	24.0	6.0	74.0	6.0	16.0	68.0	68.0	6.0	8.0	6.0	76.0	4.0	54.0	4.0	8.0	4.0	150.0	14.0	28.0	6.0	22.0	30.0	12.0	144.0	8.0	56.0	86.0	68.0	16.0	88.0	10.0	6.0	8.0	8.0	28.0	24.0	12.0	106.0	128.0	18.0	4.0	48.0	14.0	10.0	124.0	12.0	28.0	8.0	4.0	28.0	22.0	8.0	62.0	10.0	126.0	10.0	26.0	2.0	12.0	2.0	28.0	18.0	2.0	106.0	64.0	16.0	20.0	28.0	68.0	6.0	20.0	16.0	8.0	10.0	128.0	4.0	32.0	26.0	30.0	24.0	66.0	20.0	14.0	132.0	66.0	2.0	8.0	4.0	112.0	10.0	16.0	46.0	16.0	22.0	96.0	16.0	2.0	2.0	16.0	120.0	18.0	62.0	80.0	24.0	26.0	8.0	20.0	28.0	22.0	14.0	16.0	10.0	104.0	38.0	6.0	26.0	124.0	76.0	88.0	8.0	56.0	24.0	26.0	88.0	82.0	98.0	8.0	28.0	102.0	6.0	98.0	6.0	20.0	22.0	26.0	2.0	2.0	18.0	24.0	10.0	28.0	70.0	70.0	14.0	20.0	16.0	28.0	12.0	10.0	96.0	6.0	100.0	22.0	16.0	8.0	4.0	16.0	18.0	22.0	6.0	12.0	6.0	26.0	8.0	62.0	22.0	26.0	104.0	4.0	2.0	2.0	130.0
CHEMBL3669139	1.0	76.0	86.0	18.0	16.0	22.0	14.0	12.0	8.0	66.0	10.0	10.0	20.0	14.0	64.0	72.0	86.0	8.0	6.0	10.0	74.0	2.0	8.0	16.0	0.0	20.0	16.0	14.0	84.0	24.0	12.0	6.0	10.0	80.0	142.0	10.0	12.0	34.0	12.0	22.0	118.0	14.0	16.0	10.0	84.0	8.0	42.0	96.0	12.0	16.0	46.0	66.0	8.0	6.0	82.0	18.0	6.0	12.0	4.0	40.0	14.0	12.0	18.0	10.0	104.0	100.0	12.0	40.0	14.0	6.0	6.0	4.0	22.0	4.0	98.0	92.0	32.0	10.0	52.0	6.0	14.0	58.0	150.0	8.0	10.0	24.0	6.0	24.0	6.0	16.0	68.0	68.0	6.0	8.0	6.0	76.0	4.0	104.0	54.0	8.0	4.0	150.0	14.0	28.0	6.0	22.0	30.0	12.0	144.0	8.0	6.0	36.0	68.0	16.0	38.0	10.0	6.0	8.0	58.0	28.0	24.0	12.0	106.0	128.0	18.0	4.0	98.0	14.0	60.0	124.0	12.0	28.0	8.0	4.0	28.0	22.0	8.0	62.0	10.0	126.0	10.0	76.0	52.0	12.0	2.0	28.0	68.0	2.0	106.0	14.0	66.0	20.0	78.0	68.0	6.0	20.0	16.0	8.0	10.0	128.0	4.0	32.0	26.0	80.0	74.0	16.0	20.0	14.0	132.0	16.0	2.0	8.0	4.0	112.0	60.0	16.0	46.0	16.0	22.0	96.0	16.0	2.0	2.0	16.0	120.0	18.0	12.0	80.0	24.0	76.0	8.0	20.0	28.0	72.0	14.0	16.0	10.0	54.0	38.0	56.0	26.0	124.0	26.0	88.0	8.0	6.0	24.0	26.0	88.0	32.0	48.0	8.0	78.0	102.0	6.0	148.0	6.0	70.0	22.0	26.0	2.0	2.0	18.0	24.0	10.0	78.0	20.0	20.0	14.0	70.0	16.0	28.0	62.0	10.0	96.0	6.0	100.0	72.0	16.0	8.0	4.0	16.0	18.0	22.0	6.0	12.0	6.0	26.0	8.0	62.0	22.0	26.0	54.0	4.0	2.0	2.0	130.0
CHEMBL3735510	1.0	26.0	86.0	18.0	16.0	22.0	14.0	12.0	58.0	66.0	10.0	10.0	20.0	64.0	14.0	22.0	36.0	8.0	56.0	10.0	24.0	2.0	8.0	66.0	0.0	20.0	66.0	14.0	34.0	24.0	12.0	6.0	60.0	80.0	142.0	10.0	12.0	84.0	12.0	72.0	118.0	14.0	16.0	10.0	84.0	8.0	42.0	46.0	12.0	16.0	96.0	16.0	8.0	6.0	32.0	18.0	6.0	12.0	54.0	90.0	14.0	12.0	18.0	10.0	54.0	50.0	12.0	40.0	14.0	6.0	56.0	4.0	72.0	4.0	48.0	42.0	32.0	10.0	102.0	6.0	14.0	108.0	150.0	8.0	10.0	74.0	6.0	74.0	6.0	16.0	18.0	118.0	6.0	8.0	6.0	26.0	4.0	104.0	4.0	8.0	4.0	150.0	14.0	78.0	6.0	72.0	80.0	12.0	144.0	8.0	6.0	36.0	18.0	66.0	88.0	10.0	6.0	8.0	8.0	28.0	74.0	12.0	56.0	128.0	18.0	4.0	48.0	14.0	10.0	74.0	12.0	78.0	8.0	4.0	28.0	22.0	8.0	112.0	10.0	126.0	10.0	26.0	2.0	12.0	2.0	28.0	18.0	2.0	56.0	14.0	16.0	20.0	28.0	18.0	6.0	20.0	16.0	58.0	10.0	78.0	4.0	32.0	26.0	80.0	24.0	16.0	20.0	14.0	132.0	16.0	2.0	58.0	4.0	112.0	10.0	16.0	46.0	16.0	22.0	46.0	16.0	2.0	2.0	16.0	120.0	18.0	62.0	30.0	24.0	76.0	8.0	20.0	28.0	22.0	14.0	16.0	10.0	104.0	88.0	6.0	26.0	74.0	76.0	38.0	8.0	6.0	74.0	26.0	38.0	82.0	98.0	8.0	78.0	52.0	6.0	148.0	6.0	20.0	72.0	26.0	2.0	2.0	18.0	74.0	10.0	28.0	20.0	70.0	64.0	20.0	16.0	28.0	12.0	10.0	46.0	6.0	100.0	22.0	16.0	8.0	4.0	16.0	18.0	22.0	6.0	12.0	6.0	76.0	8.0	12.0	22.0	76.0	54.0	4.0	2.0	2.0	130.0
CHEMBL3736182	1.0	26.0	36.0	68.0	16.0	22.0	14.0	12.0	58.0	66.0	60.0	10.0	20.0	64.0	14.0	22.0	36.0	8.0	6.0	10.0	24.0	2.0	8.0	66.0	0.0	20.0	66.0	14.0	34.0	74.0	12.0	6.0	60.0	80.0	142.0	10.0	12.0	84.0	12.0	72.0	118.0	64.0	16.0	10.0	34.0	8.0	42.0	46.0	62.0	16.0	96.0	16.0	8.0	6.0	82.0	18.0	6.0	12.0	4.0	90.0	14.0	12.0	18.0	10.0	54.0	50.0	12.0	40.0	14.0	6.0	56.0	4.0	72.0	4.0	98.0	42.0	32.0	10.0	102.0	6.0	14.0	108.0	150.0	8.0	10.0	74.0	6.0	24.0	6.0	16.0	18.0	118.0	6.0	8.0	6.0	26.0	4.0	104.0	54.0	8.0	4.0	150.0	14.0	78.0	6.0	72.0	30.0	12.0	144.0	8.0	6.0	86.0	18.0	66.0	88.0	10.0	6.0	8.0	8.0	28.0	74.0	12.0	56.0	78.0	18.0	4.0	98.0	14.0	10.0	74.0	12.0	28.0	8.0	4.0	28.0	22.0	8.0	62.0	10.0	126.0	10.0	26.0	2.0	12.0	2.0	28.0	18.0	2.0	56.0	14.0	16.0	20.0	28.0	18.0	6.0	20.0	16.0	8.0	10.0	128.0	4.0	32.0	26.0	80.0	24.0	16.0	20.0	14.0	132.0	16.0	2.0	58.0	4.0	62.0	10.0	16.0	46.0	16.0	22.0	46.0	16.0	2.0	2.0	16.0	120.0	18.0	12.0	30.0	24.0	76.0	8.0	20.0	28.0	22.0	14.0	16.0	10.0	104.0	88.0	56.0	26.0	124.0	76.0	88.0	8.0	6.0	74.0	76.0	38.0	32.0	98.0	8.0	78.0	52.0	6.0	148.0	6.0	20.0	72.0	26.0	2.0	2.0	18.0	74.0	10.0	28.0	20.0	20.0	14.0	20.0	16.0	28.0	12.0	10.0	46.0	6.0	50.0	22.0	16.0	8.0	4.0	16.0	18.0	22.0	6.0	12.0	56.0	26.0	8.0	12.0	22.0	76.0	104.0	4.0	2.0	2.0	130.0
CHEMBL3948834	1.0	76.0	86.0	18.0	16.0	22.0	14.0	12.0	8.0	16.0	10.0	10.0	20.0	14.0	14.0	22.0	36.0	8.0	6.0	10.0	24.0	52.0	8.0	16.0	50.0	20.0	16.0	64.0	34.0	74.0	12.0	6.0	10.0	80.0	142.0	10.0	12.0	84.0	12.0	22.0	118.0	14.0	16.0	10.0	84.0	8.0	42.0	96.0	12.0	66.0	96.0	16.0	8.0	6.0	82.0	18.0	6.0	12.0	4.0	40.0	14.0	12.0	68.0	10.0	104.0	100.0	62.0	40.0	14.0	6.0	6.0	4.0	22.0	4.0	98.0	42.0	32.0	10.0	52.0	6.0	14.0	58.0	150.0	8.0	10.0	74.0	6.0	74.0	6.0	16.0	18.0	118.0	6.0	8.0	6.0	26.0	4.0	54.0	4.0	8.0	4.0	150.0	14.0	28.0	6.0	22.0	30.0	12.0	144.0	8.0	6.0	36.0	18.0	16.0	88.0	10.0	6.0	8.0	8.0	28.0	24.0	12.0	56.0	128.0	18.0	4.0	98.0	14.0	10.0	124.0	12.0	28.0	8.0	4.0	28.0	22.0	8.0	112.0	10.0	126.0	10.0	26.0	2.0	12.0	2.0	28.0	18.0	2.0	56.0	14.0	16.0	20.0	78.0	68.0	6.0	20.0	66.0	8.0	10.0	128.0	4.0	32.0	26.0	30.0	24.0	16.0	20.0	14.0	132.0	16.0	2.0	8.0	4.0	112.0	10.0	16.0	96.0	66.0	22.0	96.0	16.0	2.0	2.0	16.0	120.0	18.0	12.0	30.0	74.0	26.0	8.0	20.0	28.0	22.0	14.0	16.0	10.0	104.0	38.0	6.0	26.0	124.0	26.0	88.0	8.0	6.0	24.0	26.0	38.0	32.0	48.0	8.0	78.0	52.0	6.0	148.0	6.0	20.0	72.0	26.0	2.0	2.0	68.0	24.0	10.0	28.0	20.0	20.0	14.0	70.0	16.0	28.0	12.0	10.0	96.0	6.0	100.0	72.0	16.0	8.0	4.0	66.0	18.0	22.0	6.0	12.0	6.0	26.0	8.0	12.0	72.0	26.0	104.0	4.0	2.0	2.0	130.0
CHEMBL3950987	1.0	76.0	36.0	18.0	16.0	22.0	14.0	62.0	8.0	16.0	10.0	10.0	20.0	14.0	14.0	22.0	36.0	8.0	6.0	10.0	24.0	52.0	8.0	16.0	0.0	20.0	16.0	14.0	34.0	24.0	12.0	6.0	10.0	80.0	142.0	10.0	12.0	34.0	12.0	22.0	118.0	14.0	66.0	10.0	84.0	58.0	42.0	96.0	12.0	16.0	46.0	16.0	8.0	6.0	82.0	18.0	6.0	12.0	4.0	40.0	14.0	12.0	68.0	10.0	104.0	100.0	62.0	40.0	14.0	6.0	6.0	4.0	22.0	4.0	98.0	92.0	32.0	10.0	52.0	6.0	14.0	108.0	150.0	8.0	10.0	74.0	6.0	74.0	6.0	16.0	18.0	68.0	6.0	8.0	6.0	26.0	4.0	54.0	4.0	8.0	4.0	150.0	14.0	28.0	6.0	22.0	30.0	12.0	144.0	8.0	6.0	36.0	18.0	16.0	88.0	60.0	6.0	8.0	8.0	28.0	24.0	12.0	106.0	128.0	18.0	4.0	98.0	14.0	10.0	124.0	12.0	28.0	8.0	4.0	28.0	22.0	8.0	112.0	10.0	126.0	10.0	26.0	2.0	12.0	2.0	28.0	18.0	2.0	56.0	14.0	16.0	20.0	78.0	18.0	6.0	20.0	16.0	8.0	10.0	128.0	4.0	32.0	26.0	30.0	74.0	16.0	20.0	64.0	132.0	16.0	2.0	8.0	4.0	112.0	60.0	16.0	96.0	16.0	22.0	96.0	16.0	2.0	2.0	16.0	120.0	18.0	12.0	30.0	24.0	26.0	8.0	70.0	28.0	22.0	64.0	16.0	10.0	104.0	38.0	6.0	26.0	124.0	26.0	88.0	8.0	6.0	74.0	26.0	38.0	32.0	48.0	8.0	28.0	52.0	6.0	148.0	6.0	20.0	72.0	26.0	2.0	2.0	18.0	74.0	10.0	28.0	20.0	20.0	14.0	70.0	16.0	28.0	12.0	10.0	96.0	6.0	100.0	22.0	16.0	8.0	4.0	66.0	18.0	22.0	6.0	12.0	6.0	26.0	8.0	12.0	72.0	26.0	104.0	4.0	2.0	2.0	130.0
CHEMBL4758571	1.0	76.0	36.0	18.0	16.0	22.0	14.0	12.0	8.0	66.0	10.0	10.0	20.0	14.0	14.0	22.0	36.0	8.0	6.0	10.0	24.0	2.0	8.0	16.0	0.0	20.0	16.0	14.0	34.0	24.0	12.0	6.0	10.0	80.0	142.0	10.0	12.0	34.0	12.0	22.0	118.0	14.0	16.0	10.0	84.0	8.0	92.0	96.0	12.0	16.0	96.0	16.0	8.0	56.0	32.0	18.0	6.0	12.0	4.0	40.0	14.0	12.0	18.0	10.0	104.0	100.0	62.0	40.0	14.0	6.0	6.0	4.0	22.0	4.0	98.0	42.0	82.0	10.0	102.0	6.0	14.0	108.0	150.0	8.0	10.0	74.0	6.0	74.0	6.0	16.0	68.0	118.0	6.0	8.0	6.0	76.0	54.0	54.0	4.0	8.0	4.0	150.0	14.0	28.0	6.0	22.0	30.0	12.0	144.0	8.0	6.0	86.0	18.0	16.0	88.0	10.0	6.0	8.0	8.0	28.0	24.0	12.0	56.0	128.0	18.0	4.0	98.0	14.0	10.0	124.0	12.0	28.0	8.0	4.0	28.0	22.0	8.0	62.0	10.0	126.0	10.0	26.0	2.0	12.0	2.0	28.0	18.0	2.0	106.0	14.0	16.0	70.0	28.0	18.0	6.0	20.0	66.0	8.0	10.0	78.0	4.0	82.0	26.0	80.0	24.0	16.0	20.0	14.0	132.0	16.0	2.0	58.0	4.0	112.0	10.0	16.0	96.0	16.0	22.0	96.0	16.0	2.0	2.0	16.0	120.0	18.0	12.0	30.0	24.0	26.0	8.0	20.0	28.0	22.0	14.0	16.0	10.0	104.0	88.0	6.0	76.0	124.0	26.0	88.0	8.0	6.0	24.0	26.0	38.0	32.0	98.0	8.0	78.0	52.0	6.0	148.0	6.0	20.0	72.0	26.0	2.0	2.0	68.0	74.0	10.0	28.0	20.0	20.0	14.0	20.0	16.0	78.0	12.0	60.0	96.0	6.0	100.0	22.0	16.0	58.0	4.0	16.0	18.0	22.0	6.0	12.0	6.0	26.0	8.0	12.0	72.0	26.0	104.0	4.0	2.0	2.0	130.0
CHEMBL4849606	1.0	26.0	86.0	18.0	16.0	22.0	14.0	12.0	8.0	66.0	60.0	10.0	20.0	14.0	14.0	22.0	36.0	8.0	6.0	10.0	74.0	2.0	8.0	16.0	0.0	20.0	16.0	14.0	84.0	74.0	12.0	6.0	10.0	80.0	142.0	10.0	62.0	34.0	12.0	22.0	118.0	14.0	66.0	10.0	34.0	8.0	42.0	96.0	12.0	16.0	96.0	66.0	8.0	6.0	32.0	18.0	6.0	12.0	4.0	40.0	14.0	12.0	18.0	10.0	104.0	100.0	12.0	40.0	14.0	6.0	6.0	4.0	22.0	4.0	48.0	42.0	82.0	10.0	52.0	6.0	14.0	108.0	150.0	8.0	10.0	74.0	6.0	74.0	6.0	16.0	68.0	68.0	6.0	8.0	6.0	76.0	54.0	54.0	4.0	8.0	4.0	150.0	14.0	28.0	6.0	22.0	80.0	12.0	94.0	8.0	6.0	86.0	18.0	16.0	88.0	10.0	6.0	8.0	8.0	28.0	74.0	12.0	56.0	128.0	18.0	4.0	98.0	14.0	10.0	124.0	62.0	28.0	8.0	4.0	28.0	22.0	8.0	112.0	10.0	126.0	10.0	26.0	2.0	12.0	2.0	28.0	18.0	2.0	106.0	64.0	16.0	20.0	28.0	18.0	6.0	20.0	66.0	8.0	10.0	78.0	4.0	82.0	76.0	30.0	24.0	16.0	20.0	14.0	82.0	16.0	2.0	8.0	4.0	112.0	10.0	16.0	96.0	16.0	22.0	96.0	16.0	2.0	2.0	66.0	70.0	18.0	62.0	30.0	74.0	26.0	8.0	20.0	78.0	22.0	14.0	16.0	10.0	104.0	88.0	6.0	26.0	124.0	26.0	88.0	8.0	6.0	24.0	26.0	38.0	32.0	98.0	8.0	28.0	52.0	6.0	148.0	6.0	20.0	22.0	26.0	2.0	2.0	18.0	24.0	10.0	78.0	20.0	20.0	14.0	20.0	16.0	78.0	12.0	10.0	96.0	6.0	100.0	22.0	16.0	58.0	4.0	16.0	18.0	22.0	56.0	62.0	6.0	26.0	8.0	12.0	22.0	26.0	54.0	4.0	2.0	2.0	130.0
CHEMBL4853913	1.0	26.0	36.0	18.0	16.0	72.0	14.0	12.0	58.0	16.0	60.0	10.0	20.0	14.0	14.0	72.0	86.0	8.0	6.0	10.0	24.0	2.0	8.0	16.0	0.0	70.0	16.0	14.0	34.0	24.0	12.0	6.0	10.0	80.0	142.0	10.0	12.0	34.0	62.0	22.0	118.0	14.0	16.0	10.0	34.0	8.0	92.0	96.0	12.0	16.0	96.0	66.0	8.0	6.0	32.0	18.0	6.0	12.0	4.0	40.0	14.0	12.0	18.0	10.0	104.0	50.0	12.0	40.0	14.0	6.0	6.0	4.0	22.0	4.0	48.0	42.0	82.0	10.0	52.0	6.0	14.0	58.0	150.0	8.0	10.0	24.0	6.0	24.0	6.0	16.0	18.0	68.0	6.0	8.0	6.0	26.0	4.0	54.0	4.0	8.0	4.0	150.0	14.0	28.0	6.0	22.0	30.0	12.0	144.0	58.0	6.0	86.0	18.0	16.0	88.0	10.0	6.0	8.0	58.0	28.0	24.0	12.0	106.0	128.0	68.0	4.0	98.0	14.0	60.0	124.0	12.0	78.0	8.0	4.0	28.0	72.0	8.0	112.0	10.0	126.0	60.0	26.0	2.0	12.0	2.0	28.0	68.0	2.0	106.0	64.0	16.0	70.0	78.0	18.0	6.0	20.0	16.0	8.0	10.0	128.0	4.0	32.0	26.0	30.0	24.0	16.0	20.0	14.0	132.0	16.0	2.0	8.0	4.0	112.0	10.0	16.0	46.0	16.0	72.0	46.0	16.0	2.0	2.0	16.0	70.0	68.0	12.0	30.0	74.0	26.0	8.0	70.0	78.0	22.0	14.0	16.0	10.0	104.0	88.0	6.0	76.0	124.0	26.0	88.0	8.0	6.0	24.0	76.0	88.0	32.0	98.0	8.0	28.0	102.0	6.0	148.0	6.0	20.0	22.0	26.0	2.0	2.0	18.0	24.0	10.0	28.0	70.0	20.0	14.0	70.0	16.0	28.0	62.0	10.0	46.0	6.0	100.0	72.0	66.0	8.0	4.0	16.0	68.0	72.0	6.0	12.0	6.0	26.0	8.0	12.0	22.0	26.0	104.0	4.0	2.0	2.0	130.0
CHEMBL3935393	1.0	76.0	36.0	18.0	16.0	22.0	14.0	12.0	8.0	16.0	10.0	10.0	20.0	14.0	14.0	22.0	86.0	8.0	6.0	10.0	24.0	2.0	8.0	16.0	0.0	20.0	16.0	14.0	34.0	74.0	12.0	6.0	10.0	30.0	142.0	10.0	12.0	34.0	12.0	72.0	118.0	14.0	16.0	10.0	34.0	8.0	42.0	46.0	12.0	16.0	96.0	16.0	8.0	6.0	82.0	68.0	6.0	62.0	4.0	40.0	14.0	12.0	18.0	10.0	104.0	100.0	62.0	90.0	14.0	6.0	6.0	4.0	22.0	4.0	98.0	92.0	32.0	10.0	52.0	6.0	14.0	108.0	150.0	8.0	10.0	24.0	6.0	24.0	6.0	16.0	18.0	118.0	6.0	8.0	6.0	26.0	4.0	54.0	4.0	8.0	4.0	150.0	14.0	28.0	6.0	22.0	80.0	62.0	144.0	8.0	6.0	86.0	18.0	16.0	88.0	10.0	6.0	8.0	8.0	28.0	24.0	12.0	56.0	128.0	18.0	4.0	98.0	14.0	10.0	124.0	12.0	28.0	8.0	4.0	78.0	72.0	8.0	62.0	10.0	126.0	10.0	76.0	2.0	12.0	2.0	28.0	18.0	2.0	106.0	14.0	16.0	70.0	28.0	18.0	6.0	20.0	16.0	8.0	10.0	128.0	4.0	32.0	76.0	30.0	24.0	16.0	20.0	14.0	132.0	16.0	2.0	8.0	4.0	112.0	10.0	66.0	46.0	16.0	22.0	96.0	16.0	2.0	2.0	16.0	120.0	18.0	12.0	30.0	24.0	76.0	8.0	20.0	28.0	22.0	14.0	16.0	10.0	104.0	38.0	6.0	26.0	124.0	76.0	38.0	8.0	6.0	24.0	76.0	38.0	32.0	48.0	8.0	28.0	52.0	6.0	148.0	56.0	20.0	72.0	26.0	2.0	52.0	18.0	24.0	10.0	78.0	20.0	20.0	14.0	70.0	16.0	78.0	12.0	10.0	46.0	6.0	100.0	72.0	16.0	8.0	4.0	16.0	68.0	72.0	6.0	12.0	6.0	76.0	8.0	12.0	72.0	76.0	104.0	4.0	2.0	2.0	80.0
CHEMBL3964023	1.0	76.0	36.0	18.0	16.0	22.0	14.0	12.0	8.0	66.0	10.0	10.0	70.0	14.0	14.0	22.0	86.0	8.0	56.0	10.0	24.0	2.0	8.0	16.0	0.0	20.0	66.0	14.0	34.0	74.0	62.0	6.0	10.0	30.0	142.0	10.0	12.0	34.0	12.0	22.0	118.0	14.0	16.0	10.0	34.0	8.0	92.0	46.0	12.0	66.0	96.0	16.0	8.0	6.0	82.0	18.0	6.0	12.0	4.0	90.0	14.0	12.0	68.0	60.0	104.0	100.0	62.0	40.0	14.0	6.0	56.0	4.0	72.0	4.0	98.0	92.0	32.0	10.0	52.0	6.0	14.0	108.0	150.0	8.0	10.0	24.0	56.0	24.0	6.0	16.0	18.0	118.0	6.0	8.0	6.0	26.0	4.0	54.0	4.0	8.0	4.0	150.0	64.0	28.0	6.0	22.0	80.0	12.0	144.0	8.0	6.0	36.0	18.0	16.0	88.0	10.0	6.0	8.0	8.0	28.0	24.0	12.0	106.0	128.0	18.0	4.0	98.0	14.0	60.0	124.0	12.0	28.0	8.0	4.0	78.0	22.0	8.0	112.0	10.0	126.0	10.0	76.0	52.0	12.0	2.0	28.0	18.0	2.0	106.0	14.0	16.0	70.0	28.0	18.0	6.0	20.0	66.0	8.0	10.0	128.0	4.0	82.0	26.0	30.0	74.0	66.0	70.0	14.0	132.0	16.0	2.0	8.0	4.0	62.0	10.0	16.0	46.0	16.0	72.0	96.0	16.0	2.0	52.0	16.0	120.0	18.0	12.0	30.0	74.0	26.0	8.0	20.0	28.0	22.0	14.0	16.0	10.0	104.0	38.0	6.0	26.0	124.0	76.0	38.0	8.0	6.0	24.0	26.0	38.0	82.0	48.0	8.0	28.0	52.0	6.0	148.0	6.0	20.0	22.0	26.0	2.0	2.0	18.0	24.0	10.0	78.0	70.0	20.0	64.0	20.0	16.0	28.0	12.0	10.0	46.0	6.0	100.0	72.0	16.0	8.0	4.0	16.0	18.0	22.0	6.0	12.0	6.0	26.0	8.0	12.0	72.0	26.0	104.0	4.0	2.0	2.0	130.0
CHEMBL3978977	1.0	76.0	36.0	18.0	16.0	22.0	14.0	12.0	58.0	16.0	10.0	10.0	20.0	14.0	14.0	22.0	36.0	8.0	6.0	10.0	24.0	2.0	8.0	16.0	0.0	20.0	16.0	14.0	34.0	74.0	12.0	6.0	10.0	30.0	142.0	10.0	12.0	84.0	12.0	72.0	118.0	14.0	16.0	10.0	34.0	8.0	42.0	46.0	12.0	16.0	96.0	16.0	8.0	6.0	82.0	18.0	6.0	12.0	4.0	40.0	14.0	12.0	68.0	60.0	104.0	100.0	62.0	40.0	14.0	6.0	56.0	4.0	22.0	4.0	98.0	92.0	32.0	10.0	52.0	6.0	14.0	108.0	150.0	8.0	10.0	74.0	6.0	24.0	6.0	16.0	18.0	118.0	6.0	8.0	6.0	26.0	4.0	54.0	54.0	8.0	4.0	150.0	14.0	78.0	6.0	22.0	30.0	12.0	144.0	8.0	6.0	86.0	18.0	16.0	88.0	10.0	6.0	8.0	8.0	28.0	24.0	12.0	106.0	128.0	18.0	4.0	98.0	14.0	10.0	124.0	12.0	28.0	8.0	4.0	78.0	22.0	8.0	62.0	10.0	126.0	10.0	76.0	2.0	12.0	2.0	28.0	18.0	2.0	106.0	14.0	16.0	70.0	78.0	18.0	6.0	20.0	16.0	8.0	10.0	128.0	4.0	82.0	26.0	30.0	74.0	16.0	20.0	14.0	132.0	16.0	2.0	8.0	4.0	62.0	10.0	16.0	96.0	16.0	22.0	96.0	16.0	2.0	2.0	16.0	120.0	18.0	12.0	30.0	24.0	26.0	8.0	20.0	28.0	22.0	14.0	66.0	10.0	104.0	38.0	6.0	76.0	124.0	26.0	38.0	8.0	6.0	24.0	76.0	38.0	32.0	48.0	8.0	28.0	52.0	6.0	148.0	6.0	20.0	22.0	26.0	2.0	2.0	18.0	24.0	10.0	78.0	70.0	20.0	14.0	70.0	16.0	28.0	12.0	10.0	96.0	6.0	100.0	72.0	16.0	8.0	4.0	66.0	18.0	22.0	6.0	12.0	56.0	26.0	8.0	12.0	72.0	26.0	104.0	4.0	2.0	2.0	80.0
CHEMBL3912006	1.0	76.0	36.0	18.0	16.0	22.0	14.0	12.0	8.0	16.0	10.0	60.0	20.0	14.0	14.0	72.0	86.0	8.0	6.0	10.0	24.0	2.0	8.0	16.0	0.0	70.0	16.0	14.0	34.0	24.0	12.0	6.0	10.0	30.0	142.0	10.0	12.0	34.0	12.0	22.0	118.0	14.0	16.0	10.0	34.0	8.0	42.0	46.0	12.0	16.0	96.0	16.0	8.0	6.0	82.0	18.0	6.0	12.0	4.0	40.0	14.0	12.0	18.0	60.0	104.0	100.0	62.0	40.0	14.0	6.0	6.0	4.0	22.0	4.0	98.0	92.0	32.0	10.0	102.0	6.0	14.0	108.0	150.0	8.0	10.0	24.0	6.0	24.0	6.0	16.0	18.0	68.0	6.0	8.0	6.0	26.0	4.0	54.0	4.0	8.0	4.0	150.0	14.0	28.0	6.0	22.0	80.0	62.0	144.0	8.0	6.0	86.0	18.0	16.0	88.0	10.0	6.0	8.0	8.0	28.0	24.0	12.0	106.0	128.0	18.0	4.0	98.0	14.0	10.0	124.0	12.0	28.0	58.0	4.0	78.0	72.0	8.0	62.0	10.0	126.0	10.0	76.0	2.0	12.0	2.0	28.0	18.0	2.0	106.0	14.0	16.0	70.0	28.0	18.0	6.0	20.0	16.0	8.0	10.0	128.0	4.0	82.0	76.0	30.0	74.0	16.0	20.0	14.0	132.0	16.0	2.0	8.0	4.0	112.0	10.0	66.0	46.0	16.0	72.0	96.0	16.0	2.0	2.0	16.0	120.0	18.0	12.0	30.0	24.0	26.0	8.0	20.0	28.0	22.0	14.0	16.0	10.0	104.0	38.0	6.0	26.0	124.0	76.0	38.0	8.0	6.0	24.0	76.0	88.0	32.0	48.0	8.0	28.0	102.0	6.0	148.0	6.0	20.0	72.0	26.0	2.0	2.0	18.0	24.0	10.0	78.0	70.0	20.0	14.0	20.0	16.0	28.0	12.0	10.0	46.0	6.0	100.0	22.0	16.0	8.0	4.0	16.0	68.0	72.0	6.0	12.0	6.0	76.0	8.0	12.0	72.0	76.0	104.0	4.0	2.0	2.0	80.0
CHEMBL1808100	0.0	76.0	36.0	18.0	16.0	22.0	14.0	12.0	8.0	16.0	10.0	10.0	20.0	14.0	64.0	22.0	36.0	8.0	56.0	10.0	24.0	2.0	8.0	16.0	0.0	20.0	16.0	14.0	34.0	24.0	12.0	6.0	10.0	30.0	142.0	10.0	12.0	34.0	12.0	72.0	118.0	14.0	16.0	10.0	34.0	8.0	42.0	46.0	12.0	16.0	46.0	16.0	8.0	6.0	32.0	18.0	6.0	12.0	4.0	90.0	14.0	12.0	18.0	10.0	54.0	50.0	12.0	90.0	64.0	6.0	6.0	4.0	22.0	4.0	98.0	42.0	32.0	10.0	52.0	6.0	14.0	58.0	150.0	8.0	10.0	24.0	6.0	24.0	6.0	16.0	18.0	118.0	6.0	8.0	6.0	76.0	4.0	54.0	4.0	8.0	4.0	150.0	14.0	28.0	6.0	22.0	30.0	12.0	144.0	8.0	6.0	36.0	18.0	66.0	38.0	60.0	6.0	8.0	8.0	28.0	24.0	12.0	56.0	128.0	68.0	4.0	98.0	14.0	10.0	124.0	12.0	28.0	58.0	4.0	28.0	22.0	8.0	62.0	10.0	126.0	10.0	76.0	2.0	12.0	2.0	28.0	68.0	2.0	56.0	14.0	16.0	20.0	28.0	18.0	6.0	20.0	16.0	8.0	10.0	78.0	4.0	32.0	26.0	30.0	24.0	16.0	20.0	14.0	82.0	66.0	2.0	8.0	4.0	112.0	10.0	16.0	46.0	16.0	22.0	96.0	16.0	52.0	2.0	66.0	120.0	18.0	12.0	30.0	24.0	26.0	8.0	20.0	28.0	22.0	14.0	66.0	10.0	54.0	38.0	6.0	76.0	74.0	76.0	38.0	8.0	56.0	24.0	76.0	38.0	32.0	48.0	8.0	28.0	52.0	6.0	148.0	6.0	70.0	22.0	26.0	2.0	2.0	18.0	24.0	10.0	28.0	20.0	20.0	14.0	20.0	16.0	28.0	12.0	10.0	46.0	6.0	50.0	22.0	16.0	58.0	4.0	16.0	18.0	22.0	6.0	12.0	6.0	26.0	8.0	12.0	72.0	26.0	54.0	4.0	2.0	2.0	80.0
CHEMBL4073635	0.0	26.0	36.0	18.0	16.0	22.0	14.0	12.0	8.0	16.0	10.0	10.0	20.0	14.0	14.0	22.0	36.0	8.0	6.0	10.0	74.0	2.0	8.0	16.0	0.0	20.0	16.0	14.0	34.0	24.0	12.0	6.0	10.0	30.0	92.0	10.0	12.0	34.0	12.0	22.0	68.0	14.0	16.0	10.0	34.0	8.0	42.0	46.0	12.0	16.0	46.0	16.0	58.0	6.0	32.0	18.0	6.0	12.0	4.0	40.0	14.0	12.0	18.0	10.0	54.0	100.0	12.0	40.0	14.0	6.0	6.0	4.0	22.0	4.0	98.0	92.0	32.0	10.0	102.0	6.0	14.0	58.0	150.0	8.0	10.0	24.0	6.0	24.0	6.0	16.0	18.0	68.0	6.0	8.0	6.0	26.0	54.0	54.0	4.0	8.0	4.0	150.0	64.0	28.0	56.0	22.0	30.0	12.0	144.0	8.0	6.0	36.0	18.0	16.0	38.0	10.0	6.0	8.0	8.0	28.0	24.0	12.0	56.0	128.0	18.0	4.0	48.0	14.0	10.0	124.0	12.0	28.0	8.0	4.0	78.0	22.0	8.0	62.0	10.0	76.0	10.0	26.0	52.0	12.0	2.0	28.0	18.0	2.0	56.0	14.0	16.0	20.0	28.0	18.0	6.0	20.0	16.0	8.0	10.0	78.0	4.0	32.0	76.0	30.0	24.0	16.0	20.0	14.0	82.0	16.0	2.0	8.0	4.0	112.0	10.0	16.0	96.0	16.0	22.0	46.0	16.0	2.0	2.0	16.0	70.0	18.0	12.0	30.0	24.0	26.0	8.0	20.0	78.0	22.0	14.0	16.0	10.0	54.0	88.0	56.0	26.0	124.0	26.0	38.0	8.0	6.0	24.0	26.0	88.0	32.0	48.0	8.0	28.0	52.0	6.0	148.0	6.0	70.0	22.0	26.0	2.0	2.0	18.0	24.0	10.0	28.0	20.0	20.0	14.0	20.0	16.0	28.0	12.0	10.0	46.0	6.0	100.0	22.0	16.0	8.0	4.0	16.0	18.0	22.0	6.0	62.0	6.0	26.0	8.0	12.0	22.0	26.0	54.0	4.0	2.0	52.0	80.0
CHEMBL1922977	0.0	26.0	36.0	18.0	16.0	22.0	64.0	62.0	8.0	16.0	10.0	60.0	20.0	64.0	14.0	22.0	86.0	8.0	6.0	10.0	24.0	2.0	8.0	16.0	0.0	20.0	16.0	14.0	34.0	24.0	62.0	6.0	60.0	30.0	142.0	10.0	12.0	34.0	12.0	22.0	68.0	64.0	66.0	60.0	34.0	8.0	92.0	46.0	12.0	16.0	46.0	16.0	8.0	6.0	32.0	18.0	6.0	12.0	54.0	90.0	14.0	12.0	18.0	10.0	104.0	100.0	12.0	40.0	14.0	6.0	6.0	4.0	22.0	4.0	48.0	42.0	32.0	10.0	52.0	6.0	14.0	108.0	150.0	8.0	10.0	24.0	6.0	24.0	6.0	16.0	18.0	118.0	6.0	8.0	6.0	26.0	4.0	54.0	4.0	8.0	4.0	150.0	14.0	28.0	6.0	22.0	30.0	62.0	144.0	8.0	6.0	36.0	18.0	16.0	38.0	60.0	6.0	8.0	8.0	28.0	24.0	12.0	106.0	128.0	18.0	4.0	48.0	14.0	10.0	74.0	62.0	78.0	8.0	54.0	78.0	22.0	58.0	112.0	10.0	126.0	10.0	76.0	2.0	62.0	2.0	28.0	18.0	2.0	56.0	14.0	16.0	20.0	28.0	18.0	6.0	70.0	16.0	8.0	10.0	78.0	4.0	32.0	26.0	30.0	74.0	16.0	20.0	14.0	132.0	16.0	2.0	8.0	4.0	112.0	60.0	16.0	96.0	16.0	22.0	96.0	16.0	2.0	2.0	66.0	120.0	18.0	12.0	30.0	24.0	26.0	8.0	70.0	28.0	72.0	64.0	16.0	10.0	54.0	38.0	6.0	76.0	74.0	26.0	88.0	8.0	6.0	24.0	26.0	38.0	82.0	48.0	8.0	28.0	102.0	56.0	148.0	6.0	20.0	22.0	76.0	2.0	2.0	18.0	24.0	10.0	28.0	20.0	20.0	14.0	20.0	16.0	28.0	12.0	10.0	96.0	6.0	100.0	22.0	16.0	8.0	4.0	16.0	68.0	22.0	6.0	12.0	6.0	26.0	8.0	12.0	22.0	76.0	54.0	4.0	2.0	2.0	130.0
CHEMBL466154	0.0	26.0	36.0	18.0	16.0	22.0	14.0	12.0	8.0	16.0	10.0	10.0	20.0	14.0	64.0	22.0	36.0	58.0	6.0	10.0	24.0	2.0	8.0	16.0	0.0	70.0	16.0	14.0	34.0	24.0	12.0	6.0	10.0	30.0	142.0	10.0	12.0	34.0	12.0	22.0	118.0	14.0	16.0	10.0	34.0	8.0	42.0	46.0	12.0	16.0	46.0	16.0	8.0	6.0	82.0	68.0	6.0	12.0	4.0	90.0	14.0	12.0	18.0	10.0	54.0	50.0	12.0	90.0	14.0	56.0	6.0	4.0	72.0	4.0	48.0	42.0	32.0	10.0	52.0	6.0	14.0	58.0	150.0	8.0	10.0	24.0	6.0	24.0	6.0	16.0	18.0	68.0	6.0	8.0	6.0	26.0	4.0	54.0	4.0	8.0	4.0	150.0	64.0	28.0	6.0	22.0	30.0	12.0	144.0	8.0	6.0	36.0	68.0	16.0	38.0	10.0	6.0	8.0	8.0	28.0	24.0	12.0	56.0	78.0	18.0	4.0	48.0	14.0	10.0	74.0	12.0	28.0	8.0	4.0	28.0	22.0	8.0	62.0	10.0	126.0	10.0	26.0	2.0	12.0	2.0	78.0	18.0	2.0	56.0	14.0	16.0	20.0	28.0	18.0	6.0	20.0	16.0	8.0	60.0	78.0	4.0	32.0	26.0	30.0	24.0	16.0	20.0	14.0	132.0	16.0	2.0	58.0	54.0	62.0	10.0	16.0	46.0	16.0	22.0	46.0	16.0	2.0	2.0	16.0	70.0	18.0	12.0	80.0	24.0	26.0	8.0	20.0	28.0	72.0	14.0	16.0	10.0	54.0	38.0	6.0	26.0	74.0	26.0	38.0	8.0	6.0	24.0	26.0	38.0	32.0	48.0	8.0	28.0	52.0	6.0	98.0	6.0	70.0	22.0	26.0	2.0	2.0	68.0	24.0	10.0	28.0	20.0	20.0	14.0	20.0	16.0	28.0	12.0	10.0	96.0	6.0	50.0	22.0	16.0	8.0	4.0	16.0	18.0	22.0	6.0	12.0	56.0	26.0	8.0	12.0	22.0	26.0	54.0	4.0	2.0	2.0	80.0
CHEMBL3397287	0.0	76.0	86.0	18.0	16.0	22.0	14.0	12.0	8.0	16.0	10.0	10.0	70.0	14.0	64.0	22.0	36.0	8.0	6.0	10.0	74.0	52.0	8.0	66.0	0.0	20.0	66.0	14.0	34.0	24.0	12.0	6.0	60.0	30.0	142.0	10.0	62.0	34.0	12.0	22.0	68.0	14.0	16.0	10.0	84.0	8.0	42.0	46.0	12.0	16.0	46.0	66.0	8.0	6.0	32.0	18.0	6.0	12.0	54.0	90.0	14.0	62.0	18.0	10.0	104.0	100.0	62.0	90.0	64.0	6.0	6.0	4.0	22.0	4.0	98.0	92.0	82.0	10.0	52.0	6.0	14.0	108.0	150.0	8.0	10.0	24.0	6.0	24.0	6.0	16.0	18.0	68.0	6.0	8.0	6.0	26.0	4.0	104.0	4.0	58.0	4.0	150.0	14.0	28.0	6.0	72.0	80.0	12.0	144.0	8.0	6.0	36.0	18.0	16.0	38.0	10.0	6.0	8.0	8.0	28.0	74.0	12.0	106.0	128.0	18.0	4.0	98.0	14.0	10.0	124.0	12.0	28.0	8.0	4.0	28.0	22.0	8.0	112.0	10.0	76.0	10.0	26.0	2.0	12.0	2.0	78.0	68.0	2.0	56.0	14.0	16.0	20.0	28.0	18.0	6.0	70.0	66.0	8.0	60.0	128.0	4.0	32.0	76.0	80.0	74.0	66.0	20.0	14.0	132.0	16.0	2.0	8.0	4.0	62.0	10.0	16.0	46.0	16.0	22.0	46.0	16.0	2.0	52.0	66.0	120.0	18.0	12.0	80.0	24.0	26.0	8.0	20.0	28.0	22.0	14.0	66.0	10.0	54.0	88.0	6.0	26.0	124.0	26.0	88.0	8.0	6.0	24.0	26.0	38.0	82.0	48.0	8.0	28.0	102.0	6.0	148.0	6.0	20.0	22.0	26.0	2.0	2.0	18.0	24.0	10.0	78.0	20.0	70.0	14.0	20.0	16.0	28.0	12.0	10.0	46.0	6.0	100.0	72.0	16.0	8.0	4.0	16.0	68.0	22.0	6.0	12.0	6.0	26.0	8.0	12.0	22.0	26.0	54.0	4.0	2.0	2.0	130.0
CHEMBL201639	0.0	76.0	36.0	18.0	66.0	22.0	14.0	12.0	8.0	66.0	10.0	10.0	70.0	14.0	14.0	72.0	36.0	58.0	56.0	10.0	24.0	2.0	8.0	16.0	0.0	70.0	16.0	14.0	84.0	24.0	12.0	6.0	10.0	30.0	142.0	10.0	12.0	34.0	12.0	22.0	118.0	14.0	16.0	10.0	34.0	8.0	42.0	46.0	12.0	16.0	46.0	16.0	8.0	6.0	32.0	68.0	6.0	12.0	4.0	40.0	14.0	12.0	18.0	10.0	54.0	100.0	12.0	90.0	14.0	6.0	56.0	4.0	72.0	4.0	98.0	92.0	32.0	10.0	52.0	6.0	64.0	108.0	150.0	8.0	10.0	24.0	6.0	24.0	6.0	16.0	18.0	68.0	6.0	8.0	6.0	26.0	4.0	54.0	4.0	8.0	4.0	150.0	14.0	28.0	6.0	22.0	30.0	62.0	144.0	8.0	6.0	36.0	68.0	16.0	88.0	10.0	6.0	8.0	8.0	28.0	24.0	12.0	106.0	128.0	18.0	4.0	98.0	14.0	10.0	124.0	12.0	28.0	8.0	4.0	28.0	22.0	8.0	112.0	10.0	126.0	10.0	26.0	2.0	12.0	2.0	78.0	18.0	2.0	56.0	14.0	16.0	20.0	28.0	18.0	6.0	70.0	16.0	8.0	10.0	128.0	4.0	82.0	26.0	30.0	24.0	16.0	20.0	14.0	132.0	16.0	2.0	8.0	4.0	112.0	10.0	16.0	46.0	16.0	22.0	96.0	66.0	2.0	2.0	16.0	120.0	18.0	62.0	30.0	24.0	26.0	8.0	20.0	28.0	22.0	14.0	16.0	10.0	54.0	38.0	6.0	76.0	124.0	26.0	38.0	8.0	6.0	24.0	26.0	88.0	32.0	48.0	8.0	28.0	102.0	6.0	148.0	6.0	20.0	22.0	76.0	2.0	2.0	68.0	24.0	10.0	28.0	20.0	70.0	14.0	20.0	66.0	78.0	12.0	60.0	46.0	6.0	100.0	22.0	16.0	8.0	4.0	16.0	18.0	22.0	6.0	12.0	6.0	26.0	8.0	12.0	72.0	26.0	104.0	4.0	52.0	2.0	130.0
CHEMBL4108699	0.0	26.0	86.0	18.0	66.0	22.0	14.0	12.0	8.0	16.0	10.0	10.0	20.0	14.0	14.0	72.0	36.0	8.0	6.0	10.0	24.0	2.0	58.0	16.0	0.0	70.0	16.0	14.0	34.0	24.0	12.0	6.0	10.0	30.0	142.0	10.0	12.0	84.0	12.0	22.0	118.0	14.0	16.0	10.0	34.0	8.0	92.0	46.0	12.0	16.0	46.0	16.0	8.0	56.0	82.0	18.0	56.0	12.0	4.0	90.0	14.0	12.0	68.0	10.0	104.0	100.0	12.0	90.0	64.0	56.0	6.0	4.0	22.0	4.0	48.0	42.0	32.0	10.0	102.0	6.0	14.0	108.0	150.0	8.0	10.0	74.0	6.0	24.0	6.0	16.0	18.0	68.0	6.0	8.0	6.0	26.0	4.0	104.0	4.0	8.0	4.0	150.0	14.0	28.0	6.0	22.0	80.0	12.0	144.0	8.0	6.0	36.0	18.0	16.0	38.0	10.0	56.0	8.0	8.0	78.0	24.0	12.0	106.0	78.0	18.0	4.0	98.0	14.0	10.0	124.0	12.0	28.0	8.0	4.0	78.0	22.0	8.0	62.0	10.0	126.0	60.0	26.0	2.0	12.0	2.0	28.0	68.0	2.0	56.0	14.0	16.0	20.0	28.0	18.0	6.0	20.0	16.0	8.0	10.0	78.0	4.0	32.0	76.0	30.0	24.0	16.0	70.0	14.0	132.0	66.0	2.0	8.0	4.0	112.0	60.0	66.0	96.0	16.0	22.0	46.0	16.0	2.0	2.0	16.0	120.0	18.0	12.0	80.0	24.0	76.0	8.0	20.0	78.0	22.0	14.0	16.0	10.0	104.0	88.0	6.0	26.0	74.0	26.0	38.0	8.0	6.0	74.0	76.0	38.0	82.0	48.0	8.0	78.0	52.0	6.0	148.0	6.0	20.0	22.0	26.0	2.0	2.0	68.0	74.0	10.0	28.0	20.0	70.0	64.0	20.0	16.0	78.0	12.0	10.0	46.0	6.0	50.0	22.0	16.0	8.0	54.0	16.0	18.0	22.0	6.0	12.0	6.0	26.0	8.0	12.0	22.0	76.0	54.0	4.0	2.0	2.0	130.0
CHEMBL3797579	0.0	26.0	36.0	18.0	16.0	22.0	64.0	12.0	8.0	16.0	10.0	10.0	20.0	14.0	14.0	22.0	36.0	8.0	6.0	10.0	74.0	2.0	8.0	16.0	0.0	20.0	16.0	14.0	34.0	24.0	12.0	6.0	10.0	30.0	92.0	10.0	12.0	34.0	12.0	22.0	68.0	14.0	16.0	10.0	34.0	8.0	42.0	96.0	12.0	16.0	46.0	16.0	8.0	6.0	32.0	18.0	6.0	62.0	4.0	40.0	14.0	12.0	18.0	10.0	104.0	100.0	12.0	40.0	64.0	6.0	6.0	4.0	22.0	54.0	98.0	92.0	32.0	10.0	102.0	6.0	14.0	58.0	150.0	8.0	10.0	24.0	6.0	24.0	6.0	16.0	18.0	118.0	6.0	8.0	6.0	26.0	4.0	54.0	4.0	8.0	54.0	150.0	64.0	28.0	6.0	22.0	30.0	12.0	144.0	8.0	6.0	36.0	18.0	16.0	38.0	60.0	56.0	8.0	8.0	28.0	24.0	12.0	56.0	128.0	18.0	4.0	48.0	14.0	10.0	124.0	62.0	78.0	8.0	4.0	28.0	72.0	8.0	112.0	60.0	76.0	10.0	76.0	2.0	12.0	2.0	28.0	18.0	2.0	56.0	14.0	16.0	70.0	28.0	18.0	6.0	70.0	16.0	58.0	10.0	78.0	4.0	32.0	26.0	30.0	24.0	66.0	20.0	64.0	132.0	16.0	2.0	8.0	4.0	112.0	60.0	16.0	46.0	16.0	22.0	46.0	66.0	2.0	2.0	16.0	70.0	18.0	12.0	30.0	74.0	26.0	8.0	70.0	28.0	72.0	64.0	16.0	10.0	54.0	38.0	6.0	26.0	74.0	26.0	38.0	8.0	6.0	24.0	26.0	38.0	32.0	48.0	8.0	28.0	102.0	6.0	148.0	6.0	20.0	22.0	26.0	2.0	2.0	18.0	24.0	10.0	28.0	20.0	20.0	64.0	20.0	16.0	28.0	12.0	10.0	46.0	6.0	50.0	22.0	16.0	8.0	4.0	16.0	18.0	22.0	6.0	12.0	6.0	26.0	8.0	12.0	22.0	26.0	54.0	4.0	2.0	2.0	130.0
CHEMBL1082876	0.0	76.0	86.0	18.0	66.0	22.0	14.0	62.0	8.0	16.0	60.0	10.0	20.0	14.0	14.0	72.0	86.0	8.0	6.0	10.0	74.0	52.0	8.0	16.0	0.0	70.0	16.0	64.0	84.0	24.0	12.0	56.0	60.0	30.0	142.0	10.0	12.0	34.0	12.0	22.0	118.0	14.0	66.0	10.0	34.0	8.0	42.0	96.0	12.0	16.0	96.0	16.0	8.0	56.0	32.0	18.0	6.0	12.0	4.0	40.0	14.0	12.0	18.0	10.0	104.0	100.0	12.0	40.0	14.0	6.0	6.0	4.0	22.0	4.0	48.0	92.0	32.0	60.0	102.0	56.0	14.0	108.0	150.0	8.0	10.0	24.0	6.0	24.0	6.0	16.0	18.0	68.0	6.0	8.0	6.0	76.0	4.0	54.0	4.0	8.0	4.0	150.0	14.0	28.0	6.0	22.0	80.0	12.0	144.0	8.0	6.0	86.0	68.0	16.0	38.0	60.0	6.0	8.0	8.0	28.0	24.0	12.0	56.0	128.0	18.0	4.0	98.0	14.0	10.0	124.0	12.0	28.0	58.0	4.0	78.0	22.0	8.0	112.0	10.0	126.0	10.0	26.0	2.0	12.0	2.0	78.0	18.0	2.0	106.0	14.0	16.0	20.0	28.0	18.0	6.0	70.0	16.0	8.0	10.0	78.0	4.0	32.0	76.0	30.0	74.0	16.0	20.0	14.0	132.0	16.0	2.0	8.0	4.0	112.0	60.0	16.0	46.0	16.0	22.0	46.0	16.0	2.0	2.0	16.0	70.0	68.0	12.0	80.0	24.0	26.0	8.0	20.0	78.0	22.0	14.0	16.0	10.0	54.0	38.0	56.0	26.0	74.0	76.0	38.0	8.0	6.0	24.0	26.0	38.0	32.0	48.0	8.0	28.0	52.0	6.0	148.0	6.0	20.0	22.0	26.0	2.0	2.0	18.0	24.0	10.0	78.0	20.0	20.0	64.0	20.0	16.0	78.0	12.0	10.0	46.0	6.0	50.0	22.0	16.0	8.0	4.0	16.0	18.0	22.0	6.0	12.0	6.0	26.0	8.0	12.0	22.0	26.0	54.0	4.0	2.0	2.0	130.0
CHEMBL4081419	0.0	26.0	36.0	18.0	66.0	22.0	64.0	12.0	8.0	16.0	10.0	10.0	20.0	64.0	14.0	22.0	86.0	8.0	6.0	10.0	24.0	2.0	8.0	16.0	0.0	20.0	16.0	64.0	84.0	74.0	12.0	6.0	10.0	30.0	142.0	60.0	12.0	34.0	12.0	72.0	118.0	14.0	66.0	10.0	34.0	8.0	92.0	46.0	12.0	16.0	46.0	16.0	8.0	56.0	32.0	18.0	6.0	12.0	4.0	90.0	14.0	12.0	18.0	10.0	54.0	100.0	12.0	40.0	14.0	6.0	6.0	4.0	22.0	4.0	48.0	42.0	32.0	60.0	52.0	6.0	64.0	108.0	150.0	8.0	10.0	24.0	6.0	74.0	6.0	16.0	18.0	68.0	6.0	8.0	6.0	26.0	4.0	54.0	4.0	58.0	4.0	150.0	14.0	28.0	6.0	22.0	30.0	12.0	94.0	8.0	6.0	36.0	68.0	16.0	38.0	10.0	6.0	8.0	8.0	28.0	74.0	12.0	56.0	78.0	18.0	4.0	98.0	14.0	10.0	124.0	12.0	28.0	58.0	4.0	28.0	22.0	8.0	62.0	10.0	126.0	10.0	76.0	52.0	12.0	52.0	78.0	18.0	2.0	56.0	14.0	16.0	20.0	28.0	18.0	56.0	20.0	16.0	8.0	10.0	128.0	4.0	32.0	26.0	30.0	74.0	66.0	20.0	14.0	132.0	16.0	2.0	8.0	4.0	62.0	10.0	16.0	96.0	16.0	22.0	46.0	16.0	2.0	52.0	66.0	70.0	18.0	12.0	30.0	24.0	26.0	8.0	20.0	28.0	22.0	14.0	16.0	10.0	54.0	38.0	6.0	26.0	124.0	26.0	88.0	8.0	6.0	24.0	26.0	38.0	32.0	48.0	8.0	28.0	52.0	6.0	148.0	6.0	20.0	72.0	26.0	2.0	2.0	18.0	24.0	10.0	28.0	20.0	20.0	14.0	20.0	16.0	28.0	12.0	10.0	46.0	6.0	50.0	22.0	16.0	8.0	4.0	16.0	18.0	22.0	56.0	12.0	6.0	76.0	8.0	12.0	22.0	26.0	104.0	4.0	2.0	2.0	130.0
CHEMBL515560	0.0	76.0	36.0	18.0	16.0	22.0	14.0	12.0	8.0	16.0	10.0	10.0	20.0	14.0	64.0	22.0	86.0	8.0	6.0	60.0	24.0	2.0	8.0	16.0	0.0	70.0	66.0	14.0	34.0	24.0	12.0	6.0	10.0	30.0	142.0	10.0	12.0	34.0	62.0	22.0	118.0	14.0	16.0	10.0	84.0	58.0	42.0	46.0	12.0	16.0	46.0	16.0	8.0	6.0	32.0	18.0	6.0	12.0	54.0	40.0	14.0	12.0	18.0	10.0	104.0	100.0	12.0	90.0	14.0	6.0	6.0	4.0	22.0	4.0	98.0	92.0	32.0	10.0	52.0	6.0	14.0	58.0	150.0	8.0	10.0	24.0	6.0	24.0	6.0	66.0	18.0	118.0	6.0	58.0	6.0	26.0	4.0	104.0	4.0	8.0	4.0	150.0	14.0	28.0	6.0	22.0	30.0	12.0	144.0	8.0	6.0	36.0	18.0	16.0	38.0	10.0	6.0	8.0	8.0	28.0	74.0	12.0	56.0	128.0	18.0	4.0	98.0	14.0	10.0	124.0	12.0	28.0	8.0	4.0	28.0	22.0	8.0	62.0	10.0	126.0	10.0	26.0	2.0	12.0	52.0	28.0	18.0	2.0	56.0	14.0	16.0	20.0	28.0	68.0	6.0	20.0	16.0	8.0	10.0	78.0	4.0	32.0	26.0	30.0	24.0	16.0	20.0	14.0	82.0	16.0	52.0	8.0	4.0	62.0	10.0	16.0	46.0	16.0	22.0	46.0	16.0	2.0	2.0	66.0	120.0	68.0	12.0	80.0	24.0	26.0	8.0	20.0	78.0	22.0	64.0	16.0	10.0	54.0	38.0	6.0	26.0	74.0	26.0	38.0	8.0	6.0	24.0	76.0	38.0	32.0	48.0	8.0	28.0	102.0	56.0	148.0	6.0	20.0	22.0	26.0	2.0	2.0	18.0	24.0	10.0	78.0	20.0	20.0	14.0	20.0	16.0	78.0	12.0	10.0	46.0	6.0	50.0	22.0	16.0	8.0	4.0	16.0	68.0	22.0	56.0	12.0	56.0	26.0	8.0	12.0	72.0	26.0	54.0	4.0	2.0	2.0	80.0
CHEMBL3628627	0.0	26.0	36.0	18.0	16.0	22.0	14.0	12.0	8.0	66.0	10.0	10.0	70.0	14.0	14.0	22.0	86.0	8.0	6.0	10.0	74.0	2.0	8.0	16.0	0.0	20.0	16.0	14.0	84.0	74.0	12.0	6.0	10.0	80.0	142.0	10.0	12.0	34.0	12.0	22.0	68.0	14.0	16.0	10.0	34.0	8.0	42.0	96.0	12.0	66.0	46.0	66.0	8.0	6.0	32.0	18.0	6.0	12.0	54.0	40.0	14.0	12.0	68.0	10.0	104.0	100.0	62.0	40.0	64.0	6.0	6.0	4.0	22.0	4.0	98.0	92.0	32.0	60.0	52.0	6.0	14.0	58.0	150.0	8.0	10.0	74.0	6.0	24.0	6.0	16.0	18.0	68.0	6.0	8.0	6.0	76.0	4.0	54.0	4.0	8.0	54.0	150.0	14.0	28.0	6.0	22.0	30.0	12.0	144.0	8.0	6.0	86.0	18.0	16.0	38.0	10.0	6.0	8.0	8.0	28.0	24.0	12.0	56.0	128.0	18.0	4.0	98.0	14.0	10.0	124.0	12.0	28.0	58.0	4.0	28.0	22.0	8.0	112.0	10.0	126.0	10.0	26.0	2.0	12.0	52.0	78.0	18.0	2.0	56.0	14.0	16.0	20.0	78.0	18.0	6.0	20.0	16.0	8.0	10.0	128.0	4.0	32.0	76.0	80.0	74.0	16.0	20.0	14.0	132.0	16.0	2.0	8.0	4.0	112.0	10.0	16.0	46.0	16.0	22.0	46.0	16.0	52.0	2.0	66.0	70.0	18.0	12.0	30.0	74.0	26.0	8.0	70.0	78.0	22.0	14.0	66.0	10.0	104.0	38.0	6.0	26.0	124.0	26.0	88.0	8.0	6.0	24.0	26.0	38.0	32.0	48.0	8.0	28.0	102.0	6.0	148.0	6.0	20.0	22.0	76.0	2.0	2.0	68.0	24.0	10.0	78.0	20.0	20.0	14.0	20.0	16.0	28.0	62.0	60.0	46.0	6.0	100.0	22.0	16.0	8.0	4.0	16.0	18.0	22.0	6.0	12.0	6.0	76.0	8.0	12.0	22.0	26.0	54.0	54.0	52.0	2.0	80.0
CHEMBL379300	0.0	26.0	86.0	18.0	16.0	22.0	14.0	12.0	8.0	16.0	10.0	10.0	20.0	14.0	14.0	22.0	36.0	8.0	56.0	60.0	24.0	2.0	8.0	16.0	0.0	20.0	16.0	14.0	34.0	24.0	12.0	6.0	10.0	30.0	142.0	10.0	12.0	34.0	62.0	72.0	68.0	64.0	16.0	10.0	34.0	8.0	42.0	46.0	12.0	16.0	46.0	16.0	8.0	6.0	32.0	18.0	6.0	62.0	4.0	40.0	14.0	12.0	18.0	10.0	54.0	100.0	12.0	90.0	64.0	6.0	56.0	4.0	72.0	54.0	48.0	92.0	32.0	10.0	102.0	6.0	64.0	108.0	150.0	8.0	10.0	24.0	6.0	24.0	56.0	16.0	18.0	118.0	6.0	58.0	6.0	26.0	4.0	54.0	4.0	8.0	4.0	150.0	14.0	28.0	6.0	22.0	30.0	12.0	144.0	58.0	6.0	36.0	18.0	16.0	38.0	10.0	6.0	8.0	8.0	78.0	74.0	12.0	56.0	128.0	18.0	4.0	48.0	14.0	10.0	124.0	12.0	78.0	8.0	4.0	28.0	22.0	8.0	112.0	10.0	76.0	10.0	26.0	2.0	62.0	2.0	28.0	68.0	2.0	106.0	14.0	16.0	20.0	28.0	18.0	6.0	20.0	16.0	8.0	60.0	78.0	4.0	32.0	26.0	30.0	24.0	16.0	70.0	14.0	82.0	16.0	2.0	8.0	4.0	112.0	60.0	16.0	96.0	16.0	22.0	96.0	16.0	2.0	2.0	16.0	120.0	68.0	12.0	80.0	24.0	26.0	8.0	20.0	28.0	22.0	64.0	16.0	10.0	54.0	38.0	6.0	26.0	74.0	26.0	88.0	8.0	6.0	24.0	26.0	38.0	82.0	48.0	8.0	28.0	102.0	6.0	148.0	6.0	20.0	22.0	26.0	2.0	2.0	68.0	24.0	10.0	28.0	20.0	20.0	14.0	20.0	16.0	28.0	12.0	10.0	46.0	6.0	50.0	22.0	16.0	8.0	4.0	16.0	68.0	22.0	6.0	12.0	6.0	26.0	58.0	12.0	22.0	26.0	54.0	4.0	2.0	2.0	130.0
CHEMBL2436635	0.0	26.0	86.0	18.0	16.0	72.0	14.0	12.0	8.0	16.0	10.0	10.0	20.0	14.0	14.0	22.0	36.0	8.0	56.0	10.0	74.0	2.0	8.0	66.0	0.0	20.0	66.0	14.0	84.0	24.0	12.0	6.0	60.0	30.0	92.0	10.0	12.0	34.0	12.0	22.0	118.0	64.0	16.0	10.0	34.0	8.0	42.0	46.0	12.0	16.0	46.0	66.0	8.0	6.0	32.0	18.0	6.0	12.0	4.0	40.0	14.0	12.0	18.0	10.0	104.0	50.0	12.0	90.0	14.0	6.0	6.0	54.0	72.0	4.0	48.0	42.0	82.0	10.0	52.0	6.0	14.0	58.0	150.0	8.0	10.0	24.0	6.0	24.0	6.0	16.0	18.0	118.0	6.0	8.0	6.0	76.0	4.0	54.0	4.0	8.0	4.0	150.0	14.0	28.0	6.0	22.0	30.0	12.0	144.0	8.0	6.0	36.0	18.0	16.0	38.0	10.0	56.0	58.0	8.0	28.0	24.0	12.0	56.0	128.0	18.0	4.0	48.0	14.0	10.0	124.0	12.0	28.0	8.0	4.0	28.0	22.0	58.0	62.0	10.0	126.0	10.0	76.0	52.0	12.0	2.0	28.0	18.0	2.0	56.0	14.0	16.0	20.0	28.0	18.0	6.0	20.0	16.0	8.0	10.0	78.0	4.0	32.0	26.0	30.0	74.0	16.0	20.0	14.0	82.0	16.0	2.0	8.0	54.0	62.0	10.0	16.0	46.0	66.0	22.0	46.0	16.0	2.0	2.0	16.0	70.0	18.0	12.0	30.0	24.0	26.0	8.0	20.0	78.0	22.0	14.0	16.0	60.0	104.0	88.0	6.0	26.0	74.0	26.0	38.0	58.0	6.0	24.0	26.0	38.0	32.0	48.0	8.0	28.0	52.0	6.0	148.0	6.0	20.0	22.0	26.0	2.0	2.0	18.0	24.0	10.0	28.0	20.0	20.0	14.0	20.0	16.0	28.0	62.0	60.0	46.0	6.0	50.0	22.0	16.0	8.0	4.0	16.0	68.0	22.0	6.0	12.0	6.0	76.0	8.0	12.0	22.0	76.0	54.0	4.0	2.0	2.0	80.0
CHEMBL4089159	0.0	26.0	36.0	68.0	16.0	72.0	64.0	12.0	8.0	66.0	10.0	10.0	20.0	14.0	14.0	22.0	36.0	8.0	6.0	60.0	74.0	2.0	8.0	16.0	0.0	20.0	16.0	14.0	34.0	74.0	12.0	6.0	10.0	30.0	142.0	10.0	12.0	34.0	62.0	72.0	118.0	64.0	16.0	10.0	34.0	8.0	42.0	46.0	12.0	16.0	96.0	66.0	8.0	6.0	32.0	18.0	6.0	12.0	4.0	90.0	14.0	12.0	18.0	10.0	54.0	100.0	12.0	40.0	14.0	6.0	6.0	4.0	72.0	4.0	98.0	92.0	32.0	10.0	102.0	6.0	14.0	58.0	150.0	8.0	10.0	74.0	6.0	24.0	56.0	66.0	18.0	118.0	6.0	8.0	6.0	26.0	4.0	54.0	4.0	8.0	4.0	150.0	14.0	28.0	6.0	22.0	30.0	12.0	94.0	8.0	6.0	86.0	18.0	16.0	38.0	10.0	6.0	8.0	8.0	28.0	24.0	12.0	56.0	128.0	18.0	4.0	98.0	14.0	10.0	124.0	12.0	28.0	8.0	4.0	28.0	22.0	8.0	62.0	10.0	126.0	10.0	26.0	2.0	12.0	2.0	78.0	68.0	2.0	106.0	14.0	16.0	20.0	28.0	18.0	6.0	20.0	16.0	8.0	10.0	78.0	4.0	82.0	26.0	30.0	24.0	16.0	20.0	14.0	82.0	16.0	2.0	8.0	4.0	112.0	10.0	16.0	96.0	16.0	22.0	46.0	16.0	2.0	2.0	66.0	120.0	68.0	12.0	30.0	24.0	26.0	8.0	20.0	28.0	72.0	64.0	16.0	10.0	104.0	38.0	6.0	26.0	124.0	26.0	38.0	8.0	56.0	24.0	76.0	38.0	82.0	48.0	8.0	28.0	52.0	6.0	148.0	6.0	20.0	22.0	26.0	2.0	2.0	18.0	24.0	10.0	28.0	20.0	20.0	14.0	20.0	16.0	28.0	12.0	10.0	46.0	6.0	100.0	22.0	66.0	8.0	4.0	16.0	18.0	22.0	6.0	12.0	56.0	26.0	8.0	12.0	22.0	26.0	54.0	4.0	2.0	2.0	80.0
CHEMBL4249147	0.0	76.0	36.0	18.0	16.0	72.0	14.0	12.0	8.0	16.0	10.0	10.0	20.0	14.0	64.0	22.0	36.0	8.0	6.0	10.0	74.0	2.0	8.0	16.0	0.0	20.0	16.0	14.0	34.0	24.0	12.0	6.0	10.0	30.0	142.0	10.0	12.0	34.0	12.0	22.0	68.0	14.0	16.0	10.0	84.0	8.0	92.0	46.0	12.0	16.0	46.0	16.0	8.0	6.0	32.0	18.0	6.0	62.0	4.0	40.0	14.0	12.0	18.0	60.0	54.0	50.0	62.0	90.0	14.0	6.0	6.0	4.0	72.0	4.0	98.0	92.0	32.0	10.0	102.0	6.0	64.0	108.0	150.0	58.0	10.0	24.0	6.0	24.0	6.0	16.0	18.0	68.0	6.0	8.0	6.0	26.0	4.0	54.0	54.0	8.0	4.0	150.0	64.0	28.0	6.0	22.0	80.0	12.0	144.0	8.0	56.0	36.0	18.0	16.0	38.0	60.0	6.0	8.0	8.0	28.0	24.0	12.0	106.0	128.0	18.0	4.0	98.0	14.0	10.0	124.0	12.0	28.0	8.0	4.0	28.0	22.0	58.0	112.0	10.0	76.0	10.0	76.0	2.0	62.0	2.0	28.0	18.0	52.0	56.0	14.0	16.0	20.0	28.0	18.0	6.0	20.0	16.0	58.0	10.0	128.0	4.0	32.0	76.0	80.0	74.0	66.0	20.0	14.0	132.0	16.0	2.0	8.0	4.0	112.0	10.0	16.0	46.0	16.0	22.0	96.0	16.0	52.0	2.0	16.0	120.0	18.0	12.0	30.0	24.0	26.0	8.0	20.0	28.0	22.0	14.0	16.0	10.0	54.0	88.0	6.0	26.0	74.0	26.0	88.0	8.0	6.0	24.0	76.0	38.0	82.0	48.0	8.0	28.0	52.0	6.0	148.0	6.0	20.0	22.0	26.0	2.0	2.0	18.0	24.0	10.0	28.0	20.0	70.0	14.0	20.0	16.0	28.0	12.0	10.0	96.0	6.0	50.0	22.0	16.0	8.0	4.0	16.0	18.0	22.0	6.0	12.0	6.0	26.0	8.0	12.0	22.0	26.0	54.0	4.0	2.0	2.0	130.0
CHEMBL4459587	0.0	26.0	36.0	18.0	16.0	22.0	14.0	12.0	8.0	16.0	10.0	10.0	20.0	14.0	14.0	22.0	36.0	8.0	6.0	10.0	24.0	2.0	8.0	16.0	0.0	20.0	16.0	14.0	34.0	24.0	12.0	6.0	10.0	30.0	92.0	10.0	12.0	34.0	12.0	22.0	118.0	14.0	16.0	10.0	34.0	8.0	42.0	46.0	12.0	16.0	46.0	16.0	58.0	6.0	32.0	68.0	6.0	12.0	4.0	40.0	14.0	12.0	18.0	10.0	104.0	100.0	12.0	90.0	14.0	6.0	6.0	4.0	22.0	4.0	48.0	42.0	82.0	10.0	52.0	6.0	14.0	108.0	150.0	8.0	10.0	24.0	6.0	74.0	6.0	16.0	18.0	68.0	6.0	8.0	6.0	76.0	4.0	54.0	4.0	8.0	4.0	150.0	14.0	28.0	6.0	22.0	30.0	12.0	144.0	8.0	56.0	36.0	18.0	16.0	38.0	60.0	6.0	8.0	8.0	28.0	24.0	12.0	56.0	78.0	18.0	4.0	48.0	14.0	10.0	124.0	12.0	28.0	8.0	4.0	28.0	22.0	8.0	62.0	10.0	126.0	10.0	26.0	2.0	12.0	2.0	28.0	18.0	2.0	56.0	14.0	66.0	70.0	28.0	68.0	6.0	20.0	16.0	8.0	10.0	78.0	4.0	32.0	26.0	30.0	24.0	16.0	20.0	14.0	82.0	16.0	2.0	8.0	4.0	62.0	10.0	16.0	96.0	66.0	22.0	96.0	16.0	2.0	2.0	66.0	70.0	18.0	12.0	30.0	24.0	26.0	8.0	20.0	78.0	22.0	14.0	16.0	10.0	104.0	38.0	6.0	26.0	74.0	26.0	38.0	58.0	6.0	24.0	26.0	38.0	32.0	48.0	8.0	78.0	52.0	6.0	148.0	6.0	20.0	22.0	76.0	2.0	2.0	18.0	24.0	10.0	28.0	20.0	20.0	14.0	20.0	16.0	28.0	12.0	10.0	46.0	6.0	50.0	22.0	16.0	8.0	4.0	16.0	18.0	22.0	6.0	12.0	6.0	76.0	8.0	12.0	22.0	26.0	54.0	4.0	2.0	2.0	80.0
CHEMBL4125807	0.0	26.0	36.0	18.0	16.0	22.0	14.0	12.0	8.0	16.0	10.0	10.0	20.0	14.0	64.0	72.0	86.0	8.0	6.0	10.0	24.0	2.0	8.0	16.0	0.0	20.0	16.0	14.0	34.0	24.0	12.0	6.0	10.0	30.0	142.0	10.0	12.0	34.0	12.0	22.0	68.0	14.0	16.0	10.0	34.0	8.0	92.0	46.0	12.0	16.0	46.0	16.0	8.0	56.0	32.0	18.0	6.0	62.0	4.0	40.0	14.0	12.0	18.0	10.0	54.0	50.0	12.0	40.0	64.0	6.0	6.0	4.0	22.0	4.0	48.0	92.0	32.0	10.0	102.0	6.0	14.0	58.0	150.0	8.0	10.0	24.0	6.0	24.0	6.0	66.0	18.0	118.0	6.0	8.0	6.0	26.0	4.0	54.0	4.0	8.0	4.0	150.0	14.0	28.0	6.0	22.0	80.0	12.0	144.0	8.0	6.0	36.0	18.0	16.0	38.0	10.0	6.0	8.0	8.0	78.0	74.0	12.0	106.0	128.0	68.0	54.0	48.0	14.0	10.0	124.0	12.0	28.0	8.0	4.0	28.0	22.0	8.0	112.0	10.0	76.0	10.0	26.0	2.0	12.0	2.0	28.0	18.0	2.0	56.0	14.0	16.0	20.0	78.0	18.0	6.0	20.0	16.0	8.0	10.0	128.0	4.0	32.0	26.0	30.0	24.0	16.0	20.0	14.0	132.0	16.0	2.0	8.0	4.0	112.0	10.0	16.0	46.0	16.0	22.0	46.0	16.0	52.0	2.0	16.0	120.0	18.0	12.0	80.0	24.0	76.0	8.0	70.0	28.0	22.0	14.0	16.0	10.0	54.0	88.0	6.0	26.0	124.0	26.0	38.0	8.0	6.0	24.0	26.0	88.0	82.0	48.0	8.0	78.0	102.0	6.0	148.0	6.0	20.0	72.0	26.0	2.0	2.0	18.0	24.0	10.0	28.0	20.0	20.0	14.0	70.0	66.0	28.0	12.0	10.0	46.0	6.0	50.0	22.0	16.0	58.0	4.0	16.0	18.0	72.0	56.0	12.0	6.0	26.0	8.0	12.0	22.0	26.0	104.0	4.0	2.0	52.0	130.0
CHEMBL3628628	0.0	26.0	36.0	18.0	16.0	22.0	14.0	12.0	8.0	66.0	60.0	10.0	20.0	14.0	64.0	72.0	36.0	8.0	6.0	10.0	24.0	2.0	8.0	16.0	0.0	20.0	16.0	14.0	34.0	24.0	12.0	6.0	10.0	30.0	142.0	60.0	12.0	34.0	12.0	22.0	118.0	64.0	16.0	10.0	34.0	58.0	92.0	96.0	12.0	66.0	96.0	16.0	8.0	6.0	32.0	18.0	6.0	12.0	4.0	40.0	14.0	12.0	18.0	60.0	104.0	50.0	12.0	40.0	14.0	6.0	6.0	4.0	22.0	4.0	98.0	42.0	32.0	10.0	52.0	6.0	14.0	108.0	150.0	8.0	10.0	24.0	6.0	24.0	6.0	16.0	18.0	118.0	6.0	8.0	6.0	26.0	4.0	54.0	4.0	8.0	4.0	150.0	14.0	28.0	6.0	22.0	80.0	12.0	144.0	8.0	6.0	36.0	18.0	16.0	38.0	60.0	6.0	8.0	8.0	28.0	24.0	62.0	106.0	128.0	18.0	4.0	98.0	14.0	60.0	124.0	12.0	28.0	8.0	4.0	28.0	22.0	8.0	112.0	60.0	126.0	10.0	26.0	2.0	12.0	2.0	28.0	68.0	2.0	106.0	14.0	16.0	20.0	28.0	18.0	6.0	20.0	66.0	8.0	10.0	78.0	4.0	32.0	76.0	80.0	24.0	16.0	20.0	14.0	132.0	16.0	2.0	8.0	4.0	112.0	10.0	16.0	46.0	16.0	22.0	46.0	16.0	2.0	2.0	16.0	120.0	18.0	12.0	80.0	24.0	26.0	8.0	20.0	28.0	22.0	14.0	16.0	10.0	54.0	88.0	6.0	26.0	124.0	26.0	38.0	58.0	56.0	24.0	26.0	38.0	32.0	98.0	8.0	28.0	52.0	6.0	148.0	6.0	70.0	22.0	26.0	2.0	2.0	18.0	24.0	10.0	28.0	20.0	20.0	14.0	20.0	66.0	78.0	12.0	10.0	46.0	6.0	50.0	22.0	66.0	8.0	4.0	16.0	68.0	22.0	6.0	12.0	6.0	26.0	8.0	12.0	22.0	26.0	54.0	4.0	2.0	52.0	130.0
CHEMBL4553144	0.0	76.0	36.0	18.0	66.0	22.0	14.0	12.0	8.0	16.0	10.0	10.0	20.0	14.0	14.0	72.0	86.0	8.0	6.0	10.0	24.0	2.0	8.0	16.0	0.0	70.0	66.0	14.0	34.0	24.0	12.0	6.0	10.0	80.0	142.0	10.0	12.0	34.0	12.0	22.0	118.0	64.0	66.0	10.0	84.0	8.0	42.0	46.0	12.0	66.0	96.0	16.0	8.0	6.0	32.0	18.0	6.0	12.0	4.0	40.0	14.0	12.0	68.0	10.0	104.0	100.0	12.0	40.0	64.0	6.0	6.0	4.0	22.0	4.0	98.0	92.0	32.0	10.0	52.0	6.0	14.0	58.0	150.0	8.0	60.0	24.0	56.0	74.0	6.0	16.0	18.0	68.0	6.0	8.0	6.0	76.0	4.0	104.0	4.0	8.0	4.0	150.0	14.0	28.0	6.0	22.0	80.0	12.0	144.0	8.0	6.0	86.0	18.0	16.0	38.0	60.0	6.0	8.0	8.0	28.0	24.0	12.0	56.0	128.0	68.0	4.0	98.0	14.0	60.0	124.0	12.0	28.0	8.0	4.0	28.0	22.0	8.0	112.0	60.0	126.0	10.0	26.0	2.0	12.0	2.0	28.0	18.0	2.0	106.0	14.0	16.0	20.0	28.0	18.0	6.0	20.0	16.0	8.0	10.0	78.0	4.0	32.0	26.0	30.0	24.0	66.0	20.0	14.0	132.0	16.0	2.0	8.0	4.0	62.0	60.0	16.0	96.0	16.0	22.0	96.0	16.0	2.0	2.0	16.0	120.0	68.0	12.0	80.0	24.0	26.0	8.0	20.0	78.0	22.0	64.0	16.0	60.0	54.0	38.0	6.0	26.0	74.0	26.0	38.0	8.0	6.0	24.0	76.0	38.0	82.0	48.0	8.0	28.0	52.0	6.0	148.0	6.0	20.0	22.0	26.0	2.0	2.0	68.0	74.0	10.0	28.0	70.0	20.0	14.0	20.0	16.0	78.0	12.0	10.0	46.0	6.0	50.0	72.0	16.0	8.0	4.0	16.0	18.0	72.0	6.0	12.0	6.0	26.0	8.0	12.0	72.0	26.0	54.0	4.0	2.0	2.0	80.0
CHEMBL2152768	0.0	26.0	36.0	68.0	16.0	22.0	14.0	12.0	8.0	16.0	10.0	60.0	70.0	14.0	14.0	22.0	36.0	58.0	6.0	10.0	24.0	52.0	8.0	16.0	0.0	20.0	16.0	14.0	34.0	24.0	12.0	6.0	10.0	30.0	142.0	60.0	12.0	34.0	12.0	72.0	118.0	64.0	16.0	10.0	34.0	8.0	92.0	46.0	12.0	66.0	46.0	16.0	8.0	6.0	32.0	18.0	6.0	12.0	54.0	40.0	14.0	12.0	18.0	10.0	104.0	50.0	62.0	40.0	14.0	56.0	6.0	4.0	22.0	54.0	98.0	92.0	32.0	10.0	102.0	6.0	14.0	108.0	150.0	8.0	10.0	24.0	6.0	24.0	6.0	16.0	18.0	118.0	6.0	8.0	6.0	26.0	4.0	54.0	4.0	8.0	4.0	150.0	14.0	28.0	6.0	22.0	80.0	12.0	94.0	58.0	56.0	36.0	68.0	16.0	38.0	60.0	56.0	58.0	8.0	28.0	74.0	12.0	56.0	128.0	18.0	4.0	98.0	14.0	10.0	74.0	12.0	78.0	8.0	4.0	28.0	22.0	8.0	112.0	10.0	76.0	10.0	26.0	2.0	12.0	2.0	78.0	18.0	2.0	106.0	14.0	16.0	20.0	78.0	18.0	6.0	20.0	16.0	8.0	10.0	128.0	4.0	32.0	76.0	30.0	24.0	16.0	20.0	14.0	132.0	16.0	2.0	8.0	4.0	62.0	10.0	16.0	46.0	16.0	22.0	46.0	16.0	52.0	2.0	66.0	70.0	18.0	12.0	80.0	74.0	76.0	58.0	20.0	28.0	72.0	64.0	16.0	10.0	54.0	38.0	6.0	76.0	124.0	76.0	38.0	8.0	6.0	24.0	26.0	38.0	32.0	48.0	8.0	78.0	102.0	6.0	148.0	6.0	70.0	22.0	26.0	2.0	2.0	18.0	24.0	10.0	28.0	20.0	70.0	64.0	20.0	66.0	28.0	12.0	10.0	46.0	6.0	50.0	22.0	66.0	8.0	4.0	16.0	18.0	22.0	6.0	12.0	6.0	76.0	8.0	12.0	22.0	26.0	104.0	4.0	2.0	2.0	130.0
CHEMBL4445335	0.0	26.0	86.0	18.0	16.0	22.0	14.0	62.0	8.0	16.0	10.0	10.0	20.0	14.0	14.0	22.0	36.0	8.0	6.0	10.0	24.0	2.0	8.0	16.0	50.0	70.0	16.0	14.0	84.0	24.0	12.0	56.0	60.0	80.0	142.0	60.0	12.0	84.0	12.0	22.0	118.0	14.0	16.0	10.0	34.0	8.0	92.0	96.0	12.0	66.0	46.0	66.0	8.0	6.0	82.0	68.0	6.0	12.0	4.0	40.0	14.0	12.0	18.0	10.0	104.0	50.0	12.0	40.0	64.0	6.0	6.0	4.0	22.0	4.0	48.0	42.0	82.0	10.0	52.0	6.0	14.0	108.0	150.0	8.0	10.0	24.0	6.0	24.0	6.0	16.0	18.0	68.0	6.0	8.0	6.0	76.0	4.0	54.0	4.0	8.0	4.0	150.0	14.0	28.0	6.0	22.0	30.0	12.0	144.0	8.0	6.0	36.0	18.0	16.0	88.0	60.0	6.0	8.0	8.0	28.0	24.0	12.0	56.0	128.0	18.0	4.0	98.0	14.0	10.0	124.0	12.0	28.0	8.0	4.0	28.0	22.0	8.0	112.0	10.0	126.0	10.0	26.0	52.0	12.0	52.0	28.0	18.0	2.0	56.0	14.0	66.0	20.0	28.0	18.0	6.0	20.0	16.0	8.0	60.0	128.0	4.0	32.0	26.0	30.0	74.0	16.0	20.0	14.0	132.0	16.0	2.0	8.0	4.0	112.0	60.0	16.0	96.0	16.0	22.0	46.0	16.0	2.0	2.0	16.0	70.0	18.0	12.0	80.0	74.0	76.0	8.0	20.0	78.0	22.0	14.0	16.0	10.0	54.0	38.0	6.0	26.0	74.0	26.0	88.0	8.0	6.0	24.0	26.0	38.0	32.0	48.0	8.0	28.0	52.0	6.0	148.0	6.0	20.0	22.0	26.0	2.0	2.0	18.0	24.0	10.0	28.0	20.0	20.0	14.0	20.0	16.0	28.0	12.0	10.0	46.0	56.0	100.0	22.0	16.0	8.0	4.0	16.0	18.0	22.0	6.0	62.0	6.0	26.0	8.0	12.0	22.0	26.0	54.0	54.0	2.0	2.0	130.0
CHEMBL3752265	0.0	26.0	36.0	18.0	16.0	22.0	14.0	12.0	8.0	16.0	10.0	10.0	20.0	14.0	14.0	22.0	86.0	8.0	56.0	10.0	24.0	2.0	8.0	16.0	0.0	70.0	16.0	14.0	34.0	24.0	12.0	6.0	10.0	30.0	142.0	10.0	12.0	34.0	12.0	22.0	118.0	14.0	16.0	10.0	34.0	8.0	42.0	46.0	12.0	16.0	96.0	66.0	8.0	6.0	82.0	68.0	6.0	12.0	4.0	40.0	14.0	12.0	68.0	10.0	104.0	100.0	62.0	40.0	14.0	56.0	6.0	4.0	72.0	4.0	98.0	42.0	82.0	10.0	52.0	6.0	14.0	58.0	150.0	8.0	10.0	74.0	6.0	24.0	6.0	16.0	18.0	68.0	6.0	8.0	6.0	76.0	4.0	104.0	4.0	8.0	4.0	150.0	14.0	28.0	6.0	22.0	30.0	12.0	94.0	8.0	6.0	86.0	18.0	16.0	38.0	10.0	6.0	8.0	8.0	28.0	24.0	12.0	106.0	78.0	18.0	4.0	98.0	14.0	10.0	124.0	12.0	78.0	8.0	4.0	28.0	22.0	8.0	62.0	10.0	126.0	10.0	26.0	2.0	12.0	2.0	78.0	68.0	2.0	106.0	14.0	16.0	20.0	28.0	18.0	6.0	20.0	16.0	8.0	10.0	78.0	4.0	32.0	26.0	30.0	24.0	16.0	20.0	14.0	82.0	16.0	2.0	8.0	4.0	62.0	60.0	16.0	46.0	16.0	22.0	46.0	16.0	2.0	2.0	16.0	70.0	18.0	12.0	80.0	24.0	26.0	8.0	20.0	78.0	22.0	14.0	16.0	10.0	104.0	38.0	6.0	26.0	74.0	26.0	38.0	58.0	6.0	24.0	76.0	38.0	32.0	98.0	8.0	28.0	52.0	6.0	148.0	6.0	70.0	22.0	76.0	2.0	2.0	18.0	24.0	10.0	78.0	20.0	20.0	14.0	20.0	16.0	78.0	12.0	10.0	46.0	6.0	50.0	22.0	16.0	8.0	4.0	16.0	18.0	22.0	6.0	12.0	6.0	26.0	8.0	12.0	22.0	26.0	54.0	54.0	2.0	2.0	80.0
CHEMBL2012574	0.0	76.0	36.0	18.0	16.0	22.0	14.0	12.0	8.0	16.0	10.0	10.0	20.0	14.0	64.0	22.0	36.0	8.0	6.0	10.0	74.0	2.0	8.0	16.0	0.0	20.0	16.0	14.0	34.0	74.0	12.0	6.0	10.0	30.0	142.0	60.0	62.0	34.0	62.0	22.0	68.0	14.0	66.0	10.0	34.0	8.0	92.0	46.0	12.0	66.0	46.0	16.0	8.0	6.0	32.0	18.0	6.0	12.0	4.0	90.0	14.0	12.0	18.0	10.0	54.0	50.0	62.0	90.0	14.0	6.0	6.0	54.0	22.0	4.0	98.0	92.0	32.0	10.0	102.0	6.0	14.0	108.0	150.0	8.0	10.0	74.0	6.0	24.0	6.0	16.0	18.0	68.0	6.0	8.0	6.0	26.0	4.0	54.0	54.0	8.0	4.0	150.0	14.0	28.0	6.0	22.0	30.0	12.0	144.0	8.0	6.0	36.0	18.0	16.0	38.0	60.0	6.0	8.0	8.0	28.0	74.0	12.0	106.0	128.0	18.0	4.0	98.0	14.0	10.0	74.0	12.0	28.0	8.0	4.0	28.0	22.0	8.0	112.0	10.0	76.0	10.0	26.0	2.0	62.0	2.0	28.0	18.0	2.0	106.0	14.0	16.0	20.0	28.0	18.0	6.0	70.0	16.0	8.0	10.0	78.0	4.0	82.0	26.0	30.0	24.0	16.0	20.0	14.0	132.0	16.0	2.0	8.0	4.0	112.0	60.0	16.0	46.0	16.0	22.0	46.0	16.0	52.0	2.0	16.0	120.0	18.0	12.0	30.0	24.0	26.0	8.0	20.0	28.0	22.0	14.0	66.0	10.0	54.0	88.0	56.0	26.0	74.0	26.0	38.0	8.0	6.0	24.0	76.0	38.0	32.0	48.0	8.0	28.0	52.0	56.0	148.0	6.0	20.0	22.0	26.0	2.0	2.0	18.0	24.0	10.0	28.0	20.0	20.0	14.0	20.0	16.0	28.0	12.0	10.0	46.0	6.0	50.0	22.0	66.0	8.0	4.0	16.0	18.0	22.0	6.0	12.0	6.0	26.0	8.0	12.0	22.0	26.0	54.0	54.0	2.0	2.0	80.0
CHEMBL3764798	0.0	26.0	86.0	68.0	66.0	22.0	64.0	12.0	8.0	16.0	10.0	10.0	20.0	14.0	14.0	72.0	86.0	8.0	6.0	10.0	24.0	2.0	8.0	16.0	0.0	70.0	16.0	14.0	84.0	74.0	12.0	6.0	10.0	30.0	142.0	10.0	12.0	34.0	62.0	22.0	118.0	64.0	66.0	60.0	34.0	8.0	42.0	46.0	62.0	16.0	46.0	16.0	8.0	56.0	32.0	18.0	6.0	12.0	4.0	40.0	14.0	12.0	68.0	10.0	104.0	100.0	12.0	40.0	64.0	6.0	6.0	4.0	22.0	4.0	98.0	92.0	82.0	10.0	102.0	6.0	14.0	108.0	150.0	58.0	10.0	24.0	6.0	24.0	56.0	16.0	18.0	118.0	6.0	8.0	6.0	26.0	4.0	54.0	4.0	8.0	4.0	150.0	14.0	28.0	6.0	22.0	80.0	62.0	144.0	8.0	6.0	36.0	68.0	16.0	38.0	60.0	56.0	8.0	58.0	28.0	24.0	12.0	56.0	128.0	18.0	4.0	98.0	14.0	10.0	124.0	12.0	28.0	8.0	4.0	78.0	72.0	8.0	112.0	60.0	126.0	60.0	76.0	2.0	12.0	2.0	28.0	18.0	2.0	106.0	14.0	16.0	20.0	28.0	18.0	6.0	20.0	16.0	8.0	10.0	78.0	4.0	32.0	26.0	30.0	24.0	66.0	20.0	14.0	132.0	16.0	52.0	8.0	4.0	62.0	60.0	16.0	46.0	16.0	22.0	46.0	16.0	2.0	52.0	66.0	70.0	68.0	12.0	80.0	24.0	76.0	8.0	20.0	78.0	22.0	14.0	16.0	10.0	54.0	88.0	6.0	26.0	74.0	26.0	88.0	8.0	6.0	24.0	26.0	38.0	32.0	48.0	8.0	28.0	102.0	6.0	148.0	6.0	20.0	22.0	76.0	2.0	2.0	18.0	24.0	10.0	28.0	20.0	20.0	14.0	20.0	16.0	78.0	12.0	10.0	46.0	6.0	50.0	72.0	16.0	8.0	4.0	66.0	18.0	22.0	56.0	12.0	6.0	26.0	8.0	12.0	22.0	26.0	54.0	4.0	2.0	2.0	130.0
CHEMBL4448847	0.0	26.0	36.0	68.0	16.0	22.0	14.0	12.0	8.0	16.0	10.0	10.0	20.0	64.0	14.0	22.0	36.0	8.0	6.0	10.0	24.0	2.0	8.0	16.0	0.0	20.0	16.0	14.0	84.0	24.0	12.0	6.0	10.0	30.0	92.0	10.0	12.0	34.0	12.0	72.0	68.0	14.0	16.0	10.0	34.0	8.0	42.0	96.0	12.0	16.0	46.0	66.0	8.0	6.0	32.0	18.0	6.0	12.0	4.0	40.0	14.0	12.0	18.0	10.0	104.0	100.0	12.0	40.0	14.0	6.0	6.0	4.0	22.0	4.0	48.0	42.0	32.0	10.0	102.0	6.0	14.0	58.0	150.0	8.0	10.0	24.0	6.0	74.0	56.0	16.0	18.0	118.0	6.0	8.0	6.0	26.0	4.0	54.0	54.0	8.0	4.0	150.0	14.0	78.0	6.0	22.0	30.0	12.0	94.0	8.0	6.0	36.0	18.0	16.0	38.0	10.0	6.0	8.0	8.0	78.0	24.0	62.0	56.0	128.0	18.0	4.0	48.0	14.0	10.0	124.0	12.0	28.0	8.0	4.0	78.0	72.0	58.0	62.0	10.0	76.0	10.0	26.0	2.0	12.0	2.0	28.0	18.0	2.0	56.0	14.0	16.0	20.0	28.0	18.0	6.0	20.0	16.0	8.0	60.0	78.0	54.0	32.0	26.0	30.0	24.0	16.0	20.0	14.0	82.0	16.0	2.0	8.0	4.0	62.0	10.0	16.0	96.0	16.0	22.0	46.0	16.0	2.0	2.0	16.0	120.0	18.0	12.0	30.0	24.0	26.0	8.0	20.0	78.0	22.0	14.0	16.0	10.0	104.0	38.0	6.0	76.0	74.0	26.0	38.0	8.0	6.0	24.0	26.0	38.0	32.0	48.0	8.0	28.0	52.0	6.0	148.0	6.0	70.0	22.0	26.0	2.0	2.0	18.0	24.0	60.0	28.0	20.0	70.0	14.0	20.0	16.0	28.0	12.0	10.0	46.0	6.0	100.0	22.0	16.0	8.0	4.0	16.0	18.0	22.0	6.0	62.0	6.0	76.0	8.0	12.0	22.0	26.0	54.0	4.0	2.0	2.0	130.0
CHEMBL4528675	0.0	76.0	36.0	18.0	16.0	72.0	14.0	12.0	8.0	16.0	10.0	10.0	70.0	14.0	64.0	22.0	86.0	8.0	56.0	10.0	24.0	2.0	8.0	16.0	0.0	20.0	16.0	14.0	34.0	24.0	12.0	56.0	10.0	30.0	142.0	10.0	12.0	34.0	12.0	22.0	68.0	14.0	16.0	10.0	34.0	8.0	42.0	46.0	12.0	16.0	46.0	66.0	8.0	6.0	32.0	68.0	6.0	12.0	4.0	90.0	14.0	12.0	18.0	10.0	104.0	50.0	12.0	90.0	14.0	6.0	6.0	4.0	72.0	4.0	98.0	42.0	32.0	10.0	52.0	6.0	14.0	58.0	150.0	8.0	10.0	24.0	6.0	24.0	6.0	16.0	18.0	118.0	6.0	8.0	6.0	76.0	4.0	54.0	54.0	8.0	4.0	150.0	14.0	28.0	6.0	22.0	30.0	12.0	144.0	8.0	6.0	36.0	18.0	16.0	88.0	10.0	56.0	8.0	8.0	28.0	24.0	12.0	56.0	128.0	18.0	4.0	48.0	14.0	10.0	124.0	12.0	78.0	8.0	4.0	28.0	72.0	8.0	112.0	10.0	126.0	10.0	26.0	2.0	12.0	2.0	78.0	68.0	2.0	56.0	14.0	16.0	70.0	28.0	68.0	6.0	20.0	16.0	58.0	10.0	128.0	4.0	32.0	26.0	30.0	24.0	16.0	70.0	64.0	132.0	16.0	2.0	8.0	4.0	112.0	10.0	16.0	46.0	16.0	22.0	46.0	66.0	2.0	2.0	16.0	120.0	18.0	62.0	30.0	74.0	26.0	8.0	20.0	78.0	22.0	14.0	16.0	10.0	104.0	38.0	6.0	76.0	124.0	26.0	38.0	58.0	6.0	24.0	76.0	88.0	32.0	48.0	8.0	28.0	52.0	6.0	148.0	6.0	20.0	22.0	26.0	2.0	2.0	68.0	74.0	10.0	28.0	20.0	20.0	14.0	20.0	16.0	28.0	12.0	10.0	96.0	6.0	50.0	22.0	16.0	8.0	4.0	16.0	18.0	22.0	6.0	12.0	6.0	76.0	8.0	12.0	22.0	26.0	54.0	4.0	2.0	52.0	130.0
CHEMBL1233882	0.0	26.0	86.0	18.0	16.0	22.0	14.0	12.0	8.0	16.0	10.0	10.0	70.0	14.0	14.0	22.0	36.0	8.0	6.0	60.0	74.0	2.0	8.0	16.0	0.0	20.0	16.0	14.0	84.0	24.0	12.0	6.0	10.0	80.0	142.0	10.0	12.0	84.0	12.0	22.0	68.0	14.0	16.0	10.0	34.0	8.0	42.0	46.0	12.0	16.0	46.0	16.0	8.0	6.0	32.0	18.0	6.0	12.0	4.0	40.0	14.0	12.0	18.0	10.0	104.0	100.0	12.0	40.0	64.0	6.0	6.0	4.0	22.0	54.0	98.0	92.0	32.0	10.0	52.0	6.0	14.0	58.0	150.0	8.0	10.0	24.0	6.0	24.0	6.0	16.0	18.0	68.0	6.0	8.0	6.0	26.0	4.0	54.0	4.0	8.0	4.0	150.0	64.0	28.0	6.0	22.0	30.0	12.0	144.0	8.0	6.0	36.0	18.0	16.0	38.0	10.0	56.0	8.0	8.0	28.0	24.0	12.0	56.0	128.0	18.0	4.0	48.0	14.0	10.0	124.0	12.0	28.0	8.0	4.0	28.0	72.0	8.0	112.0	10.0	76.0	10.0	76.0	2.0	12.0	2.0	28.0	18.0	2.0	106.0	14.0	16.0	20.0	28.0	18.0	6.0	20.0	16.0	8.0	60.0	78.0	4.0	82.0	26.0	30.0	24.0	66.0	20.0	14.0	132.0	16.0	2.0	8.0	4.0	112.0	10.0	16.0	46.0	16.0	72.0	46.0	66.0	2.0	2.0	16.0	70.0	18.0	12.0	80.0	24.0	26.0	8.0	20.0	28.0	72.0	64.0	16.0	10.0	54.0	38.0	6.0	26.0	74.0	26.0	38.0	58.0	56.0	24.0	26.0	38.0	32.0	98.0	8.0	28.0	52.0	6.0	148.0	6.0	20.0	22.0	26.0	2.0	2.0	18.0	24.0	10.0	28.0	20.0	20.0	14.0	20.0	16.0	28.0	62.0	10.0	96.0	6.0	50.0	22.0	66.0	8.0	4.0	16.0	18.0	22.0	6.0	12.0	6.0	26.0	8.0	12.0	22.0	26.0	54.0	4.0	2.0	2.0	80.0
CHEMBL1254209	0.0	76.0	36.0	18.0	16.0	22.0	14.0	12.0	8.0	16.0	10.0	10.0	20.0	64.0	14.0	22.0	86.0	8.0	6.0	60.0	24.0	2.0	8.0	16.0	0.0	20.0	16.0	14.0	34.0	24.0	12.0	6.0	10.0	30.0	142.0	10.0	12.0	34.0	12.0	22.0	68.0	14.0	16.0	10.0	34.0	8.0	42.0	46.0	12.0	16.0	46.0	16.0	8.0	6.0	32.0	18.0	6.0	12.0	4.0	40.0	14.0	12.0	18.0	10.0	54.0	100.0	12.0	40.0	14.0	6.0	6.0	4.0	22.0	4.0	98.0	92.0	32.0	10.0	52.0	6.0	64.0	58.0	150.0	8.0	10.0	24.0	6.0	24.0	6.0	16.0	18.0	118.0	6.0	8.0	6.0	26.0	54.0	54.0	4.0	8.0	4.0	150.0	14.0	28.0	6.0	22.0	30.0	12.0	94.0	8.0	6.0	36.0	68.0	16.0	38.0	10.0	6.0	8.0	8.0	28.0	24.0	12.0	56.0	128.0	18.0	4.0	48.0	14.0	10.0	124.0	12.0	78.0	8.0	4.0	28.0	22.0	8.0	62.0	10.0	76.0	10.0	26.0	2.0	12.0	2.0	78.0	18.0	52.0	106.0	14.0	66.0	20.0	78.0	68.0	6.0	20.0	16.0	8.0	10.0	128.0	4.0	32.0	26.0	30.0	24.0	16.0	20.0	14.0	132.0	16.0	2.0	8.0	4.0	112.0	10.0	16.0	96.0	16.0	22.0	96.0	16.0	2.0	2.0	16.0	120.0	18.0	12.0	30.0	24.0	26.0	8.0	20.0	28.0	72.0	14.0	16.0	10.0	54.0	38.0	6.0	26.0	124.0	26.0	38.0	8.0	6.0	24.0	26.0	38.0	32.0	48.0	8.0	28.0	102.0	6.0	148.0	6.0	70.0	22.0	26.0	2.0	2.0	18.0	24.0	10.0	28.0	20.0	20.0	14.0	70.0	16.0	28.0	62.0	10.0	96.0	6.0	50.0	22.0	16.0	8.0	4.0	16.0	18.0	22.0	6.0	12.0	6.0	26.0	8.0	12.0	72.0	26.0	104.0	4.0	52.0	2.0	80.0
CHEMBL2391408	0.0	76.0	86.0	18.0	16.0	22.0	14.0	12.0	58.0	16.0	10.0	10.0	20.0	14.0	14.0	22.0	36.0	8.0	6.0	10.0	24.0	52.0	8.0	16.0	0.0	70.0	66.0	14.0	34.0	24.0	12.0	56.0	10.0	30.0	142.0	10.0	12.0	84.0	62.0	22.0	118.0	64.0	16.0	10.0	84.0	8.0	42.0	46.0	12.0	16.0	46.0	16.0	8.0	6.0	32.0	18.0	6.0	12.0	4.0	40.0	14.0	12.0	18.0	10.0	54.0	100.0	12.0	90.0	14.0	6.0	6.0	4.0	22.0	4.0	98.0	92.0	32.0	10.0	102.0	6.0	14.0	58.0	150.0	8.0	10.0	24.0	6.0	24.0	6.0	16.0	18.0	118.0	6.0	8.0	6.0	76.0	4.0	54.0	54.0	8.0	4.0	150.0	14.0	28.0	6.0	22.0	30.0	12.0	144.0	8.0	6.0	36.0	18.0	16.0	38.0	10.0	6.0	58.0	8.0	28.0	24.0	12.0	56.0	128.0	18.0	4.0	98.0	64.0	10.0	124.0	12.0	28.0	8.0	4.0	28.0	22.0	8.0	62.0	10.0	126.0	10.0	76.0	2.0	12.0	2.0	28.0	18.0	2.0	106.0	14.0	16.0	20.0	28.0	18.0	6.0	20.0	16.0	8.0	60.0	78.0	4.0	32.0	26.0	30.0	74.0	16.0	20.0	14.0	132.0	66.0	2.0	8.0	4.0	112.0	10.0	16.0	96.0	16.0	72.0	96.0	16.0	2.0	2.0	66.0	120.0	18.0	62.0	30.0	24.0	26.0	8.0	20.0	28.0	22.0	64.0	16.0	10.0	54.0	38.0	6.0	26.0	124.0	26.0	88.0	58.0	6.0	24.0	26.0	38.0	32.0	48.0	8.0	28.0	52.0	6.0	148.0	6.0	20.0	22.0	26.0	2.0	2.0	68.0	24.0	10.0	28.0	20.0	20.0	14.0	20.0	16.0	28.0	12.0	10.0	96.0	6.0	50.0	72.0	16.0	8.0	4.0	16.0	68.0	22.0	56.0	12.0	6.0	26.0	8.0	12.0	72.0	26.0	54.0	4.0	2.0	2.0	80.0
CHEMBL4582423	0.0	26.0	36.0	18.0	16.0	22.0	64.0	12.0	8.0	16.0	60.0	10.0	20.0	14.0	14.0	22.0	36.0	8.0	6.0	10.0	74.0	2.0	8.0	16.0	50.0	70.0	66.0	14.0	34.0	24.0	12.0	6.0	10.0	30.0	142.0	10.0	12.0	34.0	12.0	22.0	118.0	14.0	16.0	10.0	34.0	8.0	92.0	46.0	12.0	66.0	96.0	16.0	8.0	6.0	32.0	18.0	6.0	12.0	4.0	90.0	14.0	12.0	18.0	10.0	104.0	100.0	12.0	40.0	14.0	56.0	6.0	4.0	22.0	4.0	48.0	92.0	82.0	10.0	52.0	56.0	64.0	58.0	150.0	8.0	10.0	24.0	6.0	24.0	6.0	16.0	18.0	68.0	6.0	8.0	6.0	76.0	4.0	54.0	4.0	8.0	4.0	150.0	14.0	28.0	6.0	22.0	30.0	12.0	144.0	8.0	6.0	36.0	18.0	16.0	38.0	10.0	6.0	8.0	8.0	28.0	24.0	12.0	56.0	128.0	18.0	54.0	98.0	14.0	10.0	124.0	12.0	28.0	8.0	4.0	78.0	22.0	58.0	112.0	10.0	126.0	10.0	26.0	2.0	62.0	2.0	28.0	18.0	2.0	106.0	14.0	16.0	20.0	28.0	18.0	56.0	20.0	16.0	8.0	10.0	78.0	4.0	32.0	26.0	30.0	24.0	16.0	20.0	14.0	132.0	16.0	2.0	8.0	4.0	112.0	10.0	16.0	96.0	16.0	72.0	96.0	66.0	2.0	2.0	66.0	120.0	68.0	12.0	80.0	74.0	26.0	8.0	20.0	78.0	22.0	14.0	16.0	10.0	54.0	38.0	6.0	76.0	74.0	76.0	38.0	8.0	56.0	24.0	26.0	38.0	32.0	48.0	8.0	28.0	52.0	6.0	148.0	6.0	20.0	22.0	26.0	2.0	2.0	18.0	24.0	10.0	28.0	20.0	20.0	14.0	20.0	16.0	78.0	12.0	10.0	46.0	6.0	50.0	22.0	16.0	8.0	4.0	16.0	68.0	22.0	56.0	12.0	6.0	26.0	8.0	62.0	22.0	26.0	54.0	4.0	2.0	2.0	80.0
CHEMBL577784	0.0	26.0	36.0	18.0	16.0	72.0	14.0	12.0	8.0	66.0	10.0	10.0	20.0	14.0	14.0	72.0	86.0	8.0	6.0	10.0	24.0	2.0	8.0	16.0	0.0	70.0	16.0	14.0	34.0	24.0	12.0	6.0	60.0	80.0	92.0	10.0	12.0	34.0	12.0	22.0	118.0	14.0	16.0	10.0	34.0	8.0	42.0	96.0	12.0	16.0	46.0	66.0	8.0	6.0	32.0	18.0	6.0	12.0	4.0	40.0	14.0	12.0	18.0	10.0	104.0	100.0	12.0	40.0	14.0	6.0	6.0	54.0	22.0	4.0	98.0	42.0	32.0	10.0	52.0	6.0	64.0	108.0	150.0	8.0	10.0	74.0	6.0	74.0	6.0	16.0	18.0	68.0	6.0	8.0	6.0	26.0	4.0	104.0	4.0	8.0	4.0	150.0	64.0	28.0	6.0	22.0	30.0	12.0	144.0	8.0	6.0	36.0	18.0	16.0	88.0	10.0	6.0	8.0	8.0	28.0	74.0	12.0	56.0	128.0	18.0	4.0	98.0	14.0	60.0	124.0	12.0	28.0	8.0	4.0	28.0	22.0	8.0	112.0	10.0	126.0	60.0	26.0	2.0	12.0	2.0	28.0	18.0	2.0	106.0	14.0	66.0	20.0	28.0	18.0	6.0	20.0	66.0	8.0	10.0	128.0	54.0	32.0	26.0	30.0	74.0	66.0	20.0	14.0	132.0	16.0	2.0	8.0	4.0	112.0	10.0	16.0	46.0	16.0	22.0	46.0	66.0	52.0	2.0	16.0	70.0	68.0	12.0	30.0	24.0	76.0	8.0	70.0	78.0	22.0	14.0	16.0	10.0	104.0	88.0	6.0	26.0	124.0	26.0	88.0	8.0	6.0	24.0	76.0	38.0	32.0	48.0	8.0	28.0	52.0	6.0	148.0	6.0	20.0	72.0	76.0	2.0	2.0	18.0	24.0	10.0	28.0	20.0	20.0	14.0	20.0	16.0	78.0	12.0	10.0	46.0	6.0	100.0	22.0	16.0	8.0	4.0	16.0	68.0	22.0	6.0	12.0	6.0	26.0	8.0	12.0	22.0	26.0	54.0	54.0	2.0	2.0	130.0
CHEMBL3616960	0.0	26.0	36.0	18.0	66.0	22.0	64.0	12.0	8.0	16.0	10.0	10.0	20.0	14.0	14.0	72.0	36.0	8.0	6.0	10.0	24.0	2.0	8.0	16.0	0.0	70.0	16.0	14.0	84.0	24.0	62.0	6.0	10.0	30.0	142.0	10.0	12.0	34.0	62.0	22.0	118.0	14.0	66.0	10.0	34.0	8.0	42.0	46.0	12.0	16.0	46.0	16.0	8.0	6.0	32.0	18.0	6.0	12.0	4.0	40.0	14.0	12.0	18.0	10.0	104.0	50.0	12.0	40.0	64.0	6.0	6.0	4.0	22.0	4.0	48.0	42.0	82.0	10.0	52.0	6.0	64.0	58.0	150.0	8.0	10.0	24.0	6.0	24.0	6.0	16.0	18.0	68.0	6.0	8.0	6.0	26.0	4.0	54.0	54.0	8.0	4.0	150.0	14.0	78.0	6.0	22.0	80.0	12.0	144.0	8.0	6.0	36.0	68.0	16.0	38.0	60.0	56.0	8.0	8.0	28.0	24.0	12.0	106.0	128.0	18.0	4.0	98.0	14.0	10.0	124.0	12.0	28.0	8.0	4.0	28.0	72.0	8.0	112.0	60.0	126.0	10.0	26.0	2.0	12.0	2.0	78.0	18.0	52.0	106.0	14.0	16.0	20.0	78.0	18.0	6.0	20.0	66.0	8.0	60.0	128.0	4.0	32.0	26.0	30.0	24.0	16.0	20.0	14.0	132.0	16.0	2.0	8.0	4.0	62.0	60.0	16.0	96.0	16.0	22.0	46.0	66.0	2.0	2.0	16.0	70.0	68.0	12.0	80.0	24.0	26.0	8.0	20.0	78.0	72.0	14.0	16.0	10.0	54.0	38.0	6.0	76.0	124.0	26.0	38.0	8.0	6.0	24.0	26.0	88.0	32.0	48.0	8.0	28.0	102.0	6.0	148.0	6.0	20.0	22.0	26.0	2.0	2.0	18.0	24.0	10.0	28.0	20.0	20.0	14.0	70.0	66.0	78.0	12.0	10.0	46.0	6.0	50.0	72.0	16.0	8.0	4.0	16.0	18.0	22.0	6.0	12.0	6.0	26.0	8.0	62.0	22.0	26.0	54.0	4.0	2.0	2.0	130.0
CHEMBL607535	0.0	26.0	36.0	18.0	16.0	22.0	14.0	12.0	8.0	16.0	10.0	10.0	20.0	14.0	14.0	22.0	86.0	8.0	56.0	10.0	24.0	2.0	8.0	16.0	0.0	20.0	16.0	14.0	34.0	24.0	12.0	6.0	10.0	30.0	142.0	10.0	12.0	84.0	12.0	22.0	68.0	14.0	16.0	10.0	34.0	8.0	42.0	46.0	12.0	16.0	46.0	16.0	8.0	6.0	32.0	18.0	6.0	12.0	4.0	90.0	14.0	12.0	18.0	10.0	54.0	100.0	12.0	40.0	14.0	6.0	6.0	4.0	22.0	4.0	48.0	42.0	32.0	10.0	52.0	6.0	14.0	58.0	150.0	8.0	10.0	24.0	6.0	24.0	6.0	16.0	18.0	118.0	6.0	58.0	6.0	76.0	4.0	104.0	4.0	8.0	4.0	150.0	14.0	28.0	6.0	22.0	30.0	12.0	94.0	8.0	6.0	36.0	68.0	16.0	38.0	10.0	6.0	8.0	8.0	28.0	24.0	12.0	106.0	78.0	18.0	4.0	48.0	14.0	10.0	74.0	12.0	28.0	8.0	4.0	28.0	22.0	8.0	62.0	10.0	126.0	10.0	26.0	2.0	62.0	2.0	28.0	18.0	2.0	56.0	14.0	16.0	20.0	28.0	18.0	6.0	20.0	16.0	8.0	10.0	128.0	4.0	32.0	26.0	30.0	24.0	16.0	20.0	14.0	132.0	16.0	2.0	8.0	4.0	62.0	10.0	16.0	96.0	16.0	22.0	46.0	16.0	2.0	2.0	16.0	70.0	18.0	12.0	30.0	24.0	26.0	58.0	70.0	78.0	22.0	14.0	16.0	10.0	54.0	38.0	6.0	26.0	74.0	26.0	38.0	8.0	6.0	24.0	26.0	38.0	32.0	48.0	8.0	28.0	52.0	6.0	148.0	6.0	70.0	22.0	26.0	52.0	2.0	18.0	24.0	10.0	28.0	20.0	20.0	14.0	20.0	16.0	28.0	12.0	60.0	46.0	56.0	50.0	22.0	16.0	8.0	4.0	66.0	18.0	22.0	6.0	12.0	6.0	26.0	8.0	12.0	22.0	26.0	54.0	4.0	2.0	2.0	80.0
CHEMBL4170025	0.0	26.0	36.0	18.0	16.0	22.0	14.0	12.0	8.0	16.0	10.0	10.0	70.0	14.0	14.0	22.0	36.0	8.0	6.0	60.0	24.0	2.0	8.0	16.0	0.0	20.0	16.0	14.0	34.0	24.0	12.0	6.0	10.0	30.0	142.0	10.0	12.0	84.0	12.0	22.0	68.0	14.0	16.0	10.0	84.0	8.0	92.0	46.0	12.0	16.0	46.0	16.0	8.0	56.0	82.0	18.0	6.0	62.0	54.0	40.0	14.0	12.0	68.0	10.0	104.0	50.0	12.0	90.0	14.0	6.0	6.0	4.0	22.0	4.0	98.0	42.0	82.0	10.0	102.0	6.0	14.0	58.0	150.0	8.0	10.0	24.0	6.0	24.0	6.0	16.0	18.0	118.0	6.0	8.0	6.0	26.0	4.0	54.0	4.0	8.0	4.0	150.0	14.0	28.0	6.0	22.0	30.0	12.0	144.0	8.0	6.0	86.0	18.0	16.0	38.0	60.0	6.0	8.0	8.0	28.0	24.0	12.0	106.0	128.0	18.0	4.0	98.0	64.0	10.0	124.0	62.0	78.0	8.0	4.0	28.0	22.0	8.0	112.0	10.0	76.0	10.0	26.0	2.0	12.0	52.0	28.0	68.0	2.0	56.0	14.0	16.0	20.0	28.0	18.0	6.0	20.0	16.0	8.0	60.0	78.0	4.0	82.0	26.0	30.0	24.0	16.0	20.0	14.0	132.0	16.0	52.0	8.0	4.0	112.0	60.0	16.0	46.0	16.0	22.0	46.0	16.0	2.0	2.0	16.0	120.0	18.0	12.0	80.0	24.0	26.0	8.0	20.0	78.0	22.0	14.0	16.0	10.0	54.0	38.0	6.0	26.0	74.0	26.0	38.0	8.0	6.0	24.0	76.0	38.0	32.0	98.0	8.0	28.0	52.0	6.0	148.0	6.0	20.0	22.0	26.0	52.0	2.0	18.0	24.0	10.0	28.0	20.0	20.0	14.0	20.0	66.0	28.0	12.0	10.0	96.0	6.0	100.0	22.0	16.0	8.0	4.0	16.0	18.0	22.0	6.0	62.0	6.0	26.0	8.0	12.0	22.0	26.0	54.0	4.0	2.0	2.0	130.0
CHEMBL3137336	0.0	26.0	86.0	18.0	66.0	72.0	14.0	12.0	8.0	16.0	10.0	10.0	70.0	14.0	14.0	22.0	36.0	8.0	6.0	10.0	74.0	2.0	8.0	16.0	0.0	20.0	16.0	14.0	34.0	24.0	12.0	6.0	10.0	30.0	142.0	10.0	12.0	34.0	12.0	22.0	118.0	64.0	16.0	10.0	84.0	8.0	42.0	46.0	12.0	66.0	96.0	16.0	8.0	6.0	32.0	68.0	6.0	12.0	4.0	90.0	64.0	12.0	18.0	10.0	54.0	50.0	12.0	40.0	64.0	56.0	6.0	4.0	22.0	4.0	48.0	42.0	32.0	10.0	52.0	6.0	64.0	108.0	150.0	8.0	10.0	24.0	6.0	24.0	6.0	16.0	18.0	68.0	6.0	8.0	6.0	26.0	4.0	104.0	4.0	8.0	4.0	150.0	14.0	28.0	6.0	22.0	80.0	12.0	144.0	8.0	6.0	86.0	18.0	16.0	38.0	60.0	6.0	8.0	58.0	28.0	24.0	12.0	106.0	128.0	18.0	4.0	98.0	14.0	10.0	124.0	12.0	28.0	8.0	4.0	28.0	22.0	8.0	112.0	10.0	126.0	10.0	26.0	2.0	12.0	2.0	78.0	18.0	2.0	106.0	14.0	16.0	20.0	28.0	18.0	6.0	20.0	16.0	8.0	10.0	78.0	4.0	32.0	26.0	30.0	24.0	16.0	20.0	14.0	132.0	16.0	2.0	8.0	4.0	62.0	10.0	16.0	46.0	16.0	22.0	46.0	16.0	2.0	2.0	16.0	70.0	18.0	12.0	30.0	74.0	26.0	8.0	20.0	28.0	22.0	14.0	16.0	10.0	54.0	38.0	56.0	26.0	74.0	26.0	88.0	58.0	6.0	24.0	26.0	38.0	32.0	98.0	8.0	28.0	52.0	56.0	148.0	6.0	70.0	22.0	76.0	2.0	2.0	18.0	24.0	60.0	28.0	20.0	20.0	14.0	20.0	16.0	78.0	12.0	10.0	46.0	6.0	50.0	72.0	16.0	8.0	4.0	16.0	68.0	22.0	6.0	12.0	6.0	26.0	8.0	12.0	72.0	26.0	54.0	4.0	2.0	2.0	130.0
CHEMBL4066861	0.0	26.0	86.0	18.0	16.0	72.0	14.0	12.0	8.0	16.0	10.0	10.0	20.0	14.0	14.0	22.0	86.0	8.0	6.0	10.0	24.0	2.0	8.0	16.0	50.0	20.0	16.0	64.0	84.0	24.0	12.0	6.0	10.0	30.0	142.0	10.0	12.0	34.0	12.0	22.0	118.0	64.0	16.0	10.0	34.0	8.0	92.0	96.0	12.0	16.0	96.0	16.0	8.0	6.0	82.0	18.0	6.0	12.0	4.0	40.0	14.0	12.0	18.0	10.0	104.0	100.0	12.0	40.0	14.0	6.0	6.0	4.0	72.0	4.0	98.0	42.0	82.0	10.0	52.0	6.0	14.0	108.0	150.0	8.0	10.0	24.0	6.0	74.0	6.0	16.0	18.0	68.0	6.0	8.0	6.0	26.0	4.0	54.0	4.0	8.0	4.0	150.0	14.0	28.0	6.0	72.0	30.0	12.0	144.0	8.0	6.0	36.0	18.0	16.0	38.0	10.0	6.0	8.0	8.0	28.0	24.0	62.0	56.0	128.0	18.0	4.0	48.0	14.0	10.0	124.0	12.0	28.0	8.0	4.0	28.0	22.0	8.0	62.0	10.0	126.0	10.0	26.0	2.0	62.0	2.0	28.0	68.0	2.0	106.0	14.0	16.0	20.0	28.0	18.0	6.0	20.0	16.0	8.0	60.0	128.0	4.0	82.0	76.0	30.0	24.0	66.0	70.0	14.0	132.0	16.0	2.0	8.0	54.0	112.0	10.0	16.0	46.0	16.0	22.0	46.0	16.0	2.0	2.0	16.0	70.0	18.0	12.0	30.0	24.0	76.0	58.0	20.0	78.0	22.0	14.0	16.0	10.0	104.0	38.0	6.0	26.0	74.0	26.0	38.0	8.0	6.0	24.0	26.0	38.0	32.0	48.0	8.0	28.0	52.0	6.0	148.0	6.0	70.0	22.0	26.0	2.0	2.0	68.0	24.0	10.0	28.0	70.0	20.0	14.0	20.0	16.0	28.0	12.0	10.0	46.0	6.0	100.0	72.0	16.0	8.0	4.0	66.0	18.0	22.0	6.0	12.0	6.0	76.0	8.0	12.0	22.0	26.0	104.0	4.0	2.0	2.0	80.0
CHEMBL5088737	0.0	76.0	36.0	18.0	16.0	22.0	14.0	12.0	58.0	16.0	10.0	10.0	70.0	14.0	64.0	22.0	36.0	8.0	6.0	60.0	24.0	2.0	8.0	16.0	0.0	20.0	66.0	14.0	34.0	24.0	12.0	6.0	10.0	30.0	142.0	10.0	12.0	84.0	12.0	22.0	118.0	14.0	16.0	10.0	34.0	8.0	42.0	46.0	12.0	16.0	46.0	16.0	8.0	6.0	82.0	18.0	6.0	12.0	4.0	40.0	14.0	12.0	18.0	10.0	54.0	50.0	12.0	90.0	64.0	6.0	6.0	4.0	22.0	4.0	98.0	92.0	32.0	10.0	52.0	6.0	14.0	108.0	150.0	8.0	10.0	24.0	6.0	24.0	6.0	16.0	18.0	68.0	6.0	8.0	6.0	26.0	4.0	54.0	54.0	8.0	4.0	150.0	14.0	28.0	6.0	22.0	30.0	12.0	144.0	8.0	6.0	36.0	18.0	16.0	38.0	60.0	6.0	8.0	8.0	28.0	74.0	62.0	106.0	128.0	18.0	4.0	98.0	14.0	60.0	74.0	12.0	28.0	8.0	4.0	28.0	22.0	8.0	112.0	10.0	126.0	10.0	26.0	52.0	12.0	52.0	28.0	18.0	2.0	106.0	14.0	16.0	20.0	28.0	18.0	6.0	20.0	16.0	8.0	60.0	128.0	4.0	82.0	26.0	80.0	24.0	66.0	20.0	14.0	132.0	16.0	2.0	8.0	4.0	112.0	60.0	16.0	46.0	16.0	72.0	46.0	66.0	2.0	2.0	66.0	120.0	18.0	12.0	30.0	24.0	26.0	8.0	20.0	28.0	72.0	14.0	66.0	10.0	54.0	38.0	6.0	26.0	124.0	26.0	88.0	58.0	6.0	24.0	26.0	38.0	32.0	98.0	8.0	28.0	52.0	6.0	148.0	6.0	20.0	72.0	26.0	2.0	2.0	18.0	24.0	60.0	78.0	20.0	20.0	14.0	20.0	16.0	28.0	12.0	10.0	96.0	6.0	50.0	22.0	16.0	8.0	4.0	16.0	68.0	22.0	6.0	12.0	6.0	26.0	8.0	12.0	22.0	26.0	54.0	4.0	2.0	2.0	130.0
CHEMBL1077739	0.0	26.0	36.0	18.0	16.0	22.0	14.0	12.0	8.0	16.0	10.0	10.0	70.0	14.0	14.0	22.0	36.0	58.0	6.0	10.0	24.0	2.0	8.0	16.0	0.0	70.0	16.0	14.0	34.0	74.0	62.0	6.0	10.0	30.0	142.0	60.0	12.0	34.0	12.0	22.0	118.0	14.0	16.0	10.0	34.0	8.0	92.0	46.0	12.0	16.0	96.0	16.0	58.0	6.0	32.0	18.0	6.0	12.0	4.0	40.0	14.0	12.0	18.0	10.0	54.0	100.0	12.0	40.0	14.0	6.0	6.0	4.0	22.0	4.0	48.0	42.0	32.0	10.0	52.0	6.0	14.0	58.0	150.0	8.0	10.0	74.0	6.0	24.0	6.0	16.0	18.0	118.0	6.0	8.0	6.0	26.0	4.0	54.0	4.0	8.0	4.0	150.0	64.0	28.0	6.0	22.0	30.0	12.0	94.0	8.0	6.0	86.0	68.0	16.0	38.0	10.0	6.0	8.0	8.0	28.0	24.0	12.0	56.0	128.0	18.0	4.0	98.0	64.0	10.0	124.0	12.0	28.0	8.0	4.0	28.0	22.0	8.0	62.0	10.0	126.0	10.0	26.0	2.0	12.0	2.0	28.0	18.0	2.0	106.0	14.0	16.0	20.0	28.0	68.0	6.0	20.0	66.0	8.0	10.0	128.0	54.0	82.0	26.0	30.0	24.0	16.0	20.0	14.0	132.0	16.0	2.0	8.0	4.0	112.0	10.0	16.0	96.0	16.0	72.0	46.0	66.0	2.0	2.0	16.0	70.0	18.0	12.0	30.0	24.0	26.0	8.0	20.0	28.0	22.0	14.0	16.0	10.0	54.0	38.0	6.0	26.0	124.0	26.0	88.0	8.0	6.0	24.0	76.0	38.0	82.0	48.0	8.0	28.0	52.0	6.0	148.0	6.0	20.0	22.0	26.0	2.0	2.0	18.0	24.0	10.0	28.0	20.0	20.0	14.0	20.0	16.0	78.0	12.0	60.0	46.0	6.0	50.0	72.0	16.0	8.0	4.0	16.0	18.0	22.0	6.0	12.0	6.0	26.0	8.0	12.0	22.0	26.0	104.0	4.0	2.0	2.0	130.0
CHEMBL12850	0.0	26.0	86.0	18.0	16.0	72.0	14.0	12.0	8.0	16.0	10.0	10.0	20.0	64.0	14.0	22.0	36.0	8.0	6.0	10.0	24.0	2.0	8.0	16.0	0.0	20.0	16.0	14.0	84.0	24.0	12.0	6.0	10.0	30.0	142.0	10.0	12.0	84.0	12.0	22.0	118.0	14.0	16.0	10.0	34.0	8.0	92.0	96.0	12.0	16.0	46.0	16.0	8.0	6.0	32.0	18.0	6.0	12.0	4.0	40.0	14.0	12.0	68.0	10.0	54.0	50.0	12.0	40.0	14.0	6.0	6.0	4.0	72.0	4.0	48.0	92.0	32.0	10.0	52.0	6.0	14.0	58.0	150.0	8.0	10.0	74.0	56.0	74.0	6.0	16.0	18.0	118.0	6.0	8.0	6.0	26.0	4.0	54.0	4.0	8.0	4.0	150.0	14.0	28.0	6.0	22.0	30.0	12.0	144.0	8.0	56.0	36.0	18.0	16.0	38.0	10.0	56.0	8.0	8.0	28.0	24.0	62.0	56.0	78.0	18.0	4.0	98.0	14.0	10.0	74.0	12.0	28.0	8.0	4.0	78.0	22.0	8.0	62.0	10.0	126.0	10.0	26.0	2.0	12.0	2.0	28.0	18.0	2.0	56.0	14.0	16.0	20.0	28.0	18.0	6.0	20.0	16.0	8.0	10.0	128.0	4.0	32.0	26.0	30.0	24.0	16.0	20.0	14.0	82.0	16.0	2.0	8.0	4.0	62.0	10.0	16.0	46.0	16.0	72.0	46.0	16.0	2.0	2.0	16.0	70.0	68.0	12.0	30.0	24.0	76.0	8.0	70.0	28.0	22.0	14.0	16.0	10.0	54.0	38.0	6.0	26.0	74.0	76.0	88.0	8.0	6.0	24.0	76.0	38.0	32.0	48.0	8.0	28.0	102.0	56.0	148.0	6.0	20.0	22.0	26.0	2.0	2.0	18.0	24.0	10.0	28.0	20.0	20.0	14.0	20.0	16.0	28.0	12.0	10.0	46.0	6.0	50.0	72.0	16.0	8.0	4.0	16.0	18.0	22.0	6.0	12.0	6.0	26.0	8.0	12.0	22.0	76.0	104.0	4.0	2.0	2.0	80.0
CHEMBL3298678	0.0	26.0	86.0	18.0	16.0	22.0	14.0	12.0	8.0	16.0	10.0	10.0	70.0	14.0	14.0	22.0	36.0	58.0	6.0	10.0	24.0	2.0	8.0	16.0	0.0	20.0	16.0	14.0	34.0	24.0	12.0	6.0	10.0	80.0	92.0	10.0	12.0	34.0	12.0	22.0	118.0	14.0	16.0	10.0	34.0	8.0	92.0	96.0	62.0	66.0	96.0	16.0	8.0	6.0	82.0	18.0	6.0	12.0	4.0	40.0	14.0	62.0	68.0	60.0	104.0	50.0	12.0	40.0	14.0	6.0	56.0	4.0	22.0	4.0	48.0	42.0	32.0	10.0	52.0	6.0	14.0	108.0	150.0	8.0	10.0	24.0	56.0	24.0	6.0	16.0	18.0	68.0	6.0	8.0	6.0	26.0	4.0	104.0	4.0	58.0	4.0	150.0	14.0	28.0	6.0	22.0	30.0	12.0	144.0	8.0	6.0	86.0	18.0	16.0	38.0	10.0	6.0	8.0	58.0	28.0	74.0	12.0	56.0	128.0	18.0	4.0	98.0	14.0	10.0	124.0	12.0	28.0	8.0	4.0	28.0	72.0	8.0	112.0	10.0	126.0	10.0	26.0	2.0	12.0	2.0	78.0	18.0	2.0	106.0	64.0	16.0	20.0	78.0	18.0	6.0	70.0	16.0	58.0	10.0	128.0	4.0	32.0	26.0	30.0	24.0	16.0	70.0	14.0	132.0	16.0	2.0	8.0	4.0	112.0	10.0	16.0	46.0	16.0	22.0	46.0	16.0	2.0	2.0	66.0	70.0	18.0	12.0	30.0	74.0	26.0	8.0	20.0	78.0	22.0	14.0	16.0	10.0	54.0	38.0	56.0	26.0	124.0	26.0	88.0	8.0	56.0	24.0	26.0	38.0	32.0	48.0	8.0	28.0	102.0	6.0	148.0	6.0	20.0	72.0	76.0	2.0	2.0	18.0	74.0	10.0	78.0	20.0	70.0	14.0	20.0	16.0	28.0	12.0	10.0	46.0	6.0	50.0	22.0	16.0	8.0	4.0	16.0	18.0	22.0	56.0	12.0	6.0	26.0	8.0	12.0	22.0	26.0	104.0	4.0	52.0	2.0	130.0
CHEMBL1915438	0.0	26.0	36.0	18.0	16.0	22.0	64.0	12.0	8.0	16.0	10.0	10.0	20.0	14.0	14.0	22.0	86.0	8.0	6.0	10.0	24.0	52.0	8.0	16.0	0.0	20.0	66.0	14.0	34.0	24.0	12.0	56.0	10.0	30.0	92.0	10.0	62.0	34.0	62.0	72.0	68.0	14.0	16.0	10.0	34.0	8.0	42.0	46.0	12.0	16.0	96.0	66.0	8.0	6.0	32.0	18.0	6.0	12.0	4.0	40.0	64.0	12.0	18.0	10.0	104.0	100.0	12.0	40.0	64.0	6.0	6.0	4.0	22.0	4.0	98.0	92.0	32.0	10.0	102.0	6.0	14.0	58.0	150.0	8.0	10.0	74.0	6.0	24.0	6.0	16.0	18.0	118.0	6.0	8.0	6.0	26.0	4.0	104.0	4.0	8.0	4.0	150.0	14.0	28.0	6.0	22.0	30.0	12.0	94.0	8.0	6.0	86.0	18.0	16.0	88.0	60.0	6.0	8.0	8.0	28.0	24.0	12.0	56.0	128.0	18.0	4.0	48.0	14.0	10.0	124.0	12.0	28.0	8.0	4.0	28.0	72.0	8.0	62.0	10.0	76.0	10.0	76.0	2.0	12.0	2.0	28.0	18.0	2.0	106.0	14.0	16.0	20.0	28.0	18.0	6.0	20.0	16.0	8.0	10.0	78.0	4.0	82.0	26.0	30.0	24.0	16.0	20.0	14.0	82.0	16.0	2.0	8.0	4.0	62.0	10.0	16.0	96.0	16.0	22.0	96.0	16.0	2.0	2.0	16.0	70.0	68.0	12.0	30.0	24.0	76.0	8.0	20.0	28.0	72.0	14.0	16.0	10.0	104.0	38.0	6.0	26.0	124.0	76.0	38.0	8.0	6.0	24.0	76.0	38.0	32.0	48.0	8.0	28.0	52.0	6.0	148.0	6.0	70.0	22.0	26.0	2.0	52.0	18.0	24.0	10.0	28.0	70.0	20.0	14.0	20.0	16.0	28.0	12.0	10.0	46.0	6.0	100.0	22.0	16.0	8.0	4.0	16.0	18.0	22.0	56.0	12.0	6.0	26.0	8.0	12.0	22.0	26.0	54.0	54.0	2.0	2.0	130.0
CHEMBL3236549	0.0	26.0	86.0	18.0	16.0	22.0	14.0	12.0	8.0	16.0	10.0	10.0	20.0	14.0	64.0	22.0	86.0	8.0	6.0	10.0	24.0	2.0	8.0	16.0	0.0	20.0	16.0	14.0	84.0	24.0	12.0	56.0	10.0	30.0	142.0	10.0	12.0	34.0	12.0	22.0	68.0	64.0	16.0	10.0	34.0	8.0	92.0	46.0	12.0	16.0	46.0	16.0	8.0	6.0	32.0	68.0	6.0	12.0	54.0	40.0	14.0	12.0	18.0	10.0	104.0	50.0	12.0	40.0	14.0	6.0	6.0	54.0	22.0	4.0	48.0	92.0	32.0	10.0	52.0	6.0	64.0	58.0	150.0	8.0	10.0	24.0	6.0	74.0	6.0	16.0	18.0	68.0	6.0	8.0	6.0	26.0	4.0	54.0	4.0	8.0	4.0	150.0	14.0	28.0	6.0	22.0	30.0	12.0	144.0	58.0	6.0	36.0	18.0	16.0	38.0	10.0	6.0	8.0	8.0	28.0	24.0	12.0	56.0	128.0	18.0	4.0	48.0	14.0	10.0	74.0	12.0	28.0	8.0	4.0	28.0	22.0	8.0	62.0	10.0	76.0	10.0	26.0	2.0	12.0	2.0	28.0	18.0	2.0	106.0	14.0	16.0	20.0	78.0	18.0	56.0	20.0	16.0	8.0	10.0	128.0	54.0	32.0	26.0	30.0	24.0	16.0	20.0	14.0	132.0	16.0	2.0	8.0	4.0	62.0	10.0	16.0	46.0	16.0	72.0	46.0	16.0	2.0	2.0	16.0	70.0	18.0	12.0	30.0	24.0	26.0	8.0	20.0	28.0	22.0	14.0	16.0	10.0	54.0	38.0	6.0	26.0	124.0	26.0	38.0	8.0	6.0	24.0	26.0	38.0	32.0	48.0	8.0	28.0	102.0	6.0	98.0	6.0	70.0	22.0	26.0	2.0	2.0	18.0	24.0	10.0	28.0	70.0	20.0	64.0	20.0	16.0	28.0	12.0	10.0	46.0	6.0	100.0	22.0	16.0	8.0	4.0	16.0	18.0	22.0	6.0	12.0	56.0	26.0	8.0	12.0	22.0	26.0	104.0	4.0	2.0	2.0	80.0
CHEMBL5081774	0.0	26.0	86.0	18.0	16.0	22.0	14.0	12.0	8.0	16.0	10.0	60.0	20.0	14.0	14.0	22.0	36.0	58.0	6.0	10.0	74.0	2.0	8.0	16.0	0.0	20.0	16.0	14.0	34.0	24.0	12.0	6.0	10.0	30.0	142.0	10.0	12.0	84.0	12.0	22.0	68.0	64.0	16.0	10.0	34.0	8.0	42.0	46.0	12.0	16.0	46.0	66.0	8.0	6.0	82.0	68.0	6.0	12.0	4.0	40.0	64.0	12.0	18.0	10.0	54.0	50.0	12.0	40.0	64.0	56.0	56.0	4.0	22.0	4.0	48.0	92.0	32.0	10.0	102.0	6.0	14.0	58.0	150.0	8.0	10.0	24.0	6.0	74.0	6.0	66.0	18.0	118.0	6.0	8.0	56.0	26.0	4.0	104.0	54.0	8.0	4.0	150.0	14.0	28.0	6.0	22.0	30.0	12.0	144.0	58.0	6.0	36.0	18.0	16.0	38.0	60.0	56.0	8.0	8.0	28.0	24.0	12.0	56.0	128.0	18.0	4.0	48.0	14.0	10.0	124.0	12.0	78.0	8.0	4.0	28.0	72.0	8.0	112.0	10.0	76.0	10.0	26.0	2.0	62.0	2.0	78.0	18.0	2.0	56.0	14.0	16.0	20.0	28.0	68.0	6.0	20.0	16.0	8.0	10.0	128.0	54.0	32.0	26.0	30.0	24.0	66.0	20.0	14.0	132.0	16.0	52.0	8.0	4.0	112.0	10.0	16.0	96.0	66.0	22.0	46.0	16.0	2.0	2.0	16.0	70.0	18.0	12.0	30.0	74.0	26.0	8.0	20.0	28.0	22.0	14.0	16.0	10.0	54.0	38.0	56.0	26.0	74.0	76.0	38.0	8.0	6.0	24.0	26.0	38.0	32.0	48.0	8.0	78.0	102.0	6.0	148.0	56.0	20.0	22.0	26.0	2.0	2.0	18.0	24.0	10.0	28.0	20.0	20.0	14.0	20.0	16.0	28.0	12.0	10.0	46.0	6.0	50.0	22.0	16.0	8.0	4.0	16.0	18.0	22.0	6.0	12.0	6.0	26.0	8.0	12.0	72.0	26.0	54.0	4.0	2.0	2.0	130.0
CHEMBL1516890	0.0	26.0	36.0	18.0	16.0	22.0	64.0	12.0	8.0	16.0	60.0	10.0	20.0	14.0	14.0	22.0	86.0	8.0	6.0	10.0	74.0	2.0	8.0	16.0	0.0	20.0	66.0	14.0	34.0	74.0	12.0	6.0	10.0	30.0	142.0	10.0	12.0	84.0	62.0	22.0	68.0	14.0	16.0	10.0	34.0	8.0	92.0	46.0	12.0	16.0	46.0	16.0	8.0	6.0	32.0	18.0	6.0	12.0	4.0	90.0	64.0	12.0	18.0	10.0	54.0	100.0	12.0	40.0	64.0	6.0	6.0	4.0	22.0	4.0	48.0	92.0	32.0	10.0	102.0	6.0	14.0	58.0	150.0	8.0	10.0	24.0	6.0	24.0	6.0	16.0	18.0	118.0	6.0	8.0	6.0	26.0	4.0	104.0	4.0	8.0	4.0	150.0	14.0	28.0	6.0	22.0	30.0	62.0	94.0	8.0	6.0	36.0	18.0	16.0	38.0	10.0	6.0	8.0	8.0	28.0	24.0	12.0	106.0	128.0	18.0	4.0	48.0	14.0	10.0	74.0	62.0	28.0	8.0	54.0	28.0	22.0	8.0	62.0	10.0	126.0	10.0	26.0	2.0	12.0	2.0	28.0	18.0	2.0	56.0	14.0	16.0	20.0	28.0	18.0	6.0	20.0	16.0	8.0	10.0	78.0	4.0	82.0	26.0	30.0	24.0	16.0	20.0	14.0	132.0	16.0	2.0	8.0	4.0	112.0	10.0	16.0	96.0	16.0	22.0	46.0	16.0	2.0	2.0	66.0	70.0	18.0	12.0	30.0	24.0	26.0	8.0	70.0	28.0	72.0	64.0	16.0	10.0	54.0	38.0	6.0	76.0	74.0	26.0	38.0	8.0	6.0	24.0	26.0	38.0	82.0	48.0	8.0	28.0	102.0	6.0	148.0	6.0	20.0	22.0	26.0	2.0	2.0	18.0	24.0	10.0	78.0	20.0	20.0	14.0	20.0	16.0	28.0	12.0	10.0	46.0	6.0	50.0	22.0	16.0	8.0	4.0	16.0	18.0	22.0	6.0	12.0	6.0	26.0	8.0	12.0	22.0	26.0	54.0	4.0	2.0	2.0	130.0
CHEMBL160937	0.0	26.0	36.0	18.0	16.0	22.0	64.0	12.0	8.0	16.0	10.0	10.0	20.0	14.0	14.0	22.0	86.0	8.0	6.0	10.0	24.0	52.0	8.0	16.0	0.0	20.0	16.0	14.0	34.0	24.0	12.0	6.0	10.0	30.0	92.0	10.0	12.0	84.0	12.0	22.0	118.0	14.0	16.0	10.0	34.0	8.0	42.0	46.0	12.0	16.0	96.0	16.0	8.0	6.0	32.0	18.0	6.0	12.0	4.0	90.0	14.0	12.0	18.0	10.0	54.0	100.0	62.0	90.0	14.0	6.0	6.0	4.0	22.0	4.0	98.0	42.0	32.0	60.0	52.0	6.0	14.0	58.0	150.0	8.0	10.0	24.0	6.0	24.0	6.0	16.0	18.0	118.0	6.0	8.0	6.0	26.0	4.0	104.0	4.0	8.0	4.0	150.0	14.0	78.0	6.0	22.0	30.0	12.0	144.0	8.0	6.0	86.0	18.0	16.0	38.0	10.0	6.0	8.0	8.0	28.0	24.0	12.0	106.0	78.0	18.0	4.0	98.0	14.0	10.0	124.0	12.0	28.0	8.0	4.0	28.0	22.0	8.0	62.0	10.0	126.0	10.0	26.0	2.0	12.0	2.0	28.0	18.0	2.0	106.0	14.0	16.0	20.0	28.0	18.0	6.0	20.0	66.0	8.0	10.0	78.0	4.0	32.0	26.0	30.0	24.0	16.0	20.0	14.0	82.0	16.0	2.0	8.0	4.0	62.0	10.0	16.0	96.0	16.0	22.0	46.0	16.0	2.0	2.0	16.0	70.0	18.0	12.0	30.0	24.0	26.0	8.0	20.0	78.0	22.0	14.0	16.0	10.0	54.0	38.0	6.0	26.0	74.0	26.0	38.0	8.0	6.0	74.0	76.0	38.0	82.0	48.0	8.0	78.0	52.0	6.0	148.0	6.0	70.0	22.0	26.0	2.0	2.0	18.0	24.0	10.0	28.0	20.0	20.0	14.0	20.0	16.0	28.0	12.0	10.0	96.0	6.0	100.0	22.0	16.0	8.0	4.0	16.0	18.0	22.0	6.0	12.0	6.0	26.0	8.0	12.0	22.0	26.0	54.0	4.0	2.0	2.0	80.0
CHEMBL176857	0.0	76.0	36.0	18.0	16.0	22.0	14.0	12.0	8.0	16.0	10.0	10.0	20.0	64.0	14.0	22.0	36.0	8.0	6.0	10.0	24.0	2.0	8.0	16.0	0.0	20.0	16.0	14.0	34.0	24.0	12.0	6.0	10.0	80.0	142.0	10.0	12.0	84.0	12.0	22.0	118.0	14.0	16.0	10.0	34.0	8.0	42.0	46.0	12.0	66.0	46.0	16.0	8.0	6.0	32.0	18.0	6.0	12.0	4.0	90.0	14.0	12.0	18.0	10.0	54.0	100.0	62.0	90.0	14.0	6.0	6.0	4.0	22.0	4.0	98.0	42.0	32.0	10.0	52.0	6.0	14.0	58.0	150.0	8.0	10.0	24.0	6.0	24.0	6.0	16.0	18.0	118.0	6.0	8.0	6.0	26.0	54.0	104.0	4.0	8.0	4.0	150.0	14.0	28.0	6.0	22.0	30.0	62.0	144.0	8.0	6.0	36.0	18.0	16.0	38.0	10.0	6.0	8.0	8.0	28.0	24.0	62.0	106.0	128.0	18.0	54.0	48.0	14.0	10.0	74.0	12.0	78.0	8.0	4.0	28.0	22.0	8.0	62.0	10.0	126.0	10.0	26.0	52.0	12.0	2.0	28.0	18.0	2.0	56.0	14.0	16.0	20.0	28.0	18.0	6.0	20.0	16.0	58.0	10.0	78.0	4.0	32.0	76.0	30.0	24.0	16.0	20.0	14.0	82.0	16.0	2.0	8.0	4.0	112.0	10.0	16.0	96.0	16.0	22.0	96.0	16.0	2.0	2.0	66.0	120.0	18.0	12.0	30.0	24.0	26.0	8.0	20.0	28.0	22.0	14.0	16.0	10.0	104.0	38.0	56.0	26.0	74.0	26.0	88.0	8.0	6.0	24.0	26.0	88.0	32.0	48.0	8.0	28.0	102.0	6.0	148.0	6.0	70.0	72.0	26.0	2.0	2.0	18.0	24.0	10.0	28.0	20.0	20.0	14.0	20.0	16.0	28.0	62.0	10.0	46.0	6.0	50.0	22.0	16.0	8.0	4.0	16.0	68.0	22.0	6.0	12.0	6.0	76.0	8.0	12.0	72.0	26.0	54.0	4.0	2.0	2.0	130.0
CHEMBL1794052	0.0	26.0	36.0	18.0	16.0	22.0	14.0	62.0	8.0	16.0	10.0	10.0	20.0	14.0	14.0	22.0	86.0	8.0	6.0	10.0	24.0	2.0	8.0	16.0	0.0	20.0	66.0	14.0	34.0	24.0	12.0	6.0	10.0	30.0	142.0	10.0	12.0	84.0	12.0	22.0	118.0	14.0	16.0	10.0	34.0	8.0	42.0	46.0	12.0	16.0	46.0	16.0	8.0	6.0	82.0	18.0	6.0	12.0	4.0	90.0	14.0	12.0	18.0	10.0	54.0	50.0	62.0	90.0	14.0	56.0	6.0	4.0	22.0	54.0	98.0	92.0	32.0	10.0	52.0	6.0	14.0	58.0	150.0	8.0	10.0	24.0	6.0	24.0	6.0	16.0	18.0	118.0	6.0	8.0	6.0	26.0	54.0	104.0	4.0	8.0	4.0	150.0	14.0	28.0	6.0	22.0	80.0	12.0	144.0	8.0	6.0	36.0	18.0	16.0	38.0	10.0	6.0	8.0	8.0	28.0	24.0	12.0	106.0	78.0	18.0	4.0	98.0	14.0	10.0	124.0	12.0	28.0	8.0	54.0	28.0	22.0	8.0	62.0	10.0	126.0	10.0	26.0	2.0	62.0	2.0	28.0	68.0	2.0	56.0	14.0	16.0	20.0	28.0	18.0	6.0	20.0	16.0	8.0	10.0	78.0	4.0	32.0	76.0	30.0	24.0	16.0	20.0	14.0	82.0	16.0	2.0	8.0	4.0	62.0	10.0	16.0	46.0	16.0	22.0	46.0	66.0	2.0	2.0	66.0	120.0	18.0	12.0	30.0	24.0	26.0	8.0	70.0	28.0	22.0	14.0	16.0	10.0	54.0	38.0	56.0	26.0	74.0	26.0	88.0	8.0	6.0	24.0	26.0	38.0	32.0	48.0	8.0	28.0	52.0	56.0	148.0	6.0	70.0	72.0	26.0	2.0	2.0	18.0	24.0	10.0	28.0	20.0	20.0	14.0	20.0	16.0	28.0	12.0	10.0	46.0	6.0	50.0	22.0	16.0	8.0	4.0	16.0	68.0	22.0	6.0	12.0	6.0	26.0	8.0	12.0	22.0	26.0	54.0	4.0	2.0	2.0	80.0
CHEMBL188381	0.0	26.0	36.0	18.0	16.0	22.0	14.0	12.0	8.0	16.0	10.0	10.0	20.0	14.0	14.0	22.0	86.0	8.0	6.0	10.0	74.0	2.0	8.0	16.0	0.0	70.0	16.0	14.0	84.0	24.0	12.0	6.0	10.0	30.0	142.0	10.0	12.0	84.0	12.0	22.0	118.0	14.0	16.0	10.0	34.0	8.0	42.0	96.0	12.0	16.0	46.0	66.0	8.0	6.0	82.0	18.0	6.0	62.0	4.0	40.0	14.0	12.0	68.0	10.0	104.0	100.0	62.0	90.0	14.0	6.0	6.0	4.0	72.0	54.0	98.0	92.0	82.0	10.0	52.0	6.0	14.0	58.0	150.0	8.0	10.0	24.0	6.0	24.0	6.0	16.0	18.0	68.0	6.0	8.0	6.0	76.0	4.0	54.0	4.0	8.0	4.0	150.0	14.0	28.0	6.0	22.0	30.0	12.0	144.0	8.0	6.0	36.0	68.0	16.0	88.0	60.0	6.0	8.0	8.0	28.0	24.0	12.0	56.0	128.0	18.0	4.0	98.0	64.0	10.0	124.0	62.0	28.0	8.0	4.0	28.0	22.0	8.0	112.0	10.0	126.0	60.0	26.0	2.0	12.0	2.0	78.0	68.0	2.0	106.0	14.0	16.0	20.0	28.0	18.0	6.0	20.0	16.0	8.0	10.0	78.0	4.0	32.0	26.0	30.0	24.0	16.0	70.0	14.0	82.0	66.0	2.0	8.0	4.0	112.0	60.0	16.0	46.0	16.0	22.0	46.0	16.0	2.0	2.0	16.0	120.0	18.0	12.0	30.0	24.0	26.0	8.0	20.0	78.0	72.0	14.0	16.0	10.0	104.0	88.0	56.0	26.0	74.0	26.0	88.0	8.0	6.0	24.0	76.0	38.0	32.0	48.0	8.0	28.0	52.0	6.0	148.0	6.0	20.0	22.0	26.0	2.0	2.0	18.0	24.0	10.0	28.0	20.0	20.0	14.0	20.0	16.0	28.0	12.0	10.0	46.0	6.0	100.0	22.0	16.0	8.0	4.0	16.0	18.0	22.0	6.0	12.0	6.0	26.0	8.0	12.0	22.0	26.0	54.0	4.0	2.0	2.0	80.0
CHEMBL188784	0.0	26.0	36.0	18.0	66.0	22.0	64.0	12.0	8.0	16.0	10.0	10.0	20.0	14.0	14.0	22.0	36.0	8.0	6.0	10.0	74.0	2.0	8.0	16.0	0.0	20.0	16.0	14.0	84.0	24.0	12.0	6.0	60.0	30.0	92.0	10.0	12.0	34.0	12.0	22.0	68.0	14.0	66.0	10.0	84.0	8.0	92.0	96.0	12.0	66.0	46.0	66.0	8.0	6.0	32.0	18.0	6.0	12.0	4.0	40.0	14.0	62.0	68.0	10.0	104.0	100.0	12.0	40.0	64.0	6.0	6.0	4.0	22.0	4.0	98.0	92.0	82.0	10.0	102.0	6.0	64.0	58.0	150.0	8.0	10.0	24.0	6.0	24.0	6.0	16.0	18.0	68.0	6.0	8.0	6.0	76.0	4.0	54.0	4.0	8.0	4.0	150.0	14.0	28.0	6.0	22.0	30.0	12.0	144.0	8.0	6.0	36.0	18.0	16.0	38.0	60.0	6.0	8.0	8.0	28.0	24.0	12.0	56.0	128.0	18.0	4.0	48.0	14.0	60.0	124.0	62.0	28.0	8.0	54.0	28.0	22.0	8.0	112.0	60.0	76.0	10.0	26.0	2.0	62.0	52.0	28.0	18.0	2.0	56.0	14.0	16.0	20.0	28.0	18.0	6.0	20.0	16.0	8.0	10.0	78.0	4.0	32.0	26.0	30.0	24.0	66.0	20.0	14.0	132.0	66.0	52.0	8.0	4.0	112.0	60.0	16.0	46.0	16.0	22.0	46.0	16.0	2.0	52.0	16.0	70.0	18.0	12.0	30.0	74.0	26.0	8.0	20.0	78.0	22.0	14.0	16.0	10.0	54.0	38.0	6.0	26.0	74.0	26.0	88.0	8.0	6.0	24.0	26.0	38.0	32.0	48.0	8.0	78.0	102.0	6.0	148.0	56.0	70.0	22.0	26.0	2.0	2.0	18.0	24.0	10.0	28.0	20.0	20.0	14.0	20.0	16.0	28.0	12.0	10.0	46.0	6.0	100.0	72.0	16.0	8.0	4.0	16.0	18.0	22.0	6.0	12.0	6.0	26.0	8.0	12.0	22.0	26.0	54.0	4.0	2.0	2.0	80.0
CHEMBL1909357	0.0	76.0	36.0	18.0	16.0	22.0	14.0	12.0	8.0	16.0	10.0	10.0	20.0	64.0	14.0	22.0	36.0	8.0	6.0	60.0	24.0	2.0	8.0	16.0	0.0	20.0	16.0	64.0	34.0	24.0	12.0	6.0	60.0	30.0	142.0	10.0	12.0	34.0	12.0	22.0	118.0	14.0	16.0	10.0	34.0	8.0	42.0	46.0	12.0	16.0	46.0	16.0	8.0	6.0	32.0	18.0	6.0	12.0	4.0	40.0	14.0	12.0	18.0	10.0	54.0	50.0	12.0	90.0	14.0	6.0	6.0	4.0	72.0	4.0	98.0	42.0	82.0	10.0	102.0	6.0	14.0	58.0	150.0	8.0	10.0	24.0	6.0	24.0	56.0	16.0	18.0	68.0	6.0	8.0	6.0	26.0	4.0	54.0	4.0	8.0	4.0	150.0	14.0	28.0	6.0	22.0	30.0	12.0	144.0	8.0	6.0	86.0	68.0	66.0	38.0	10.0	6.0	8.0	8.0	28.0	24.0	62.0	56.0	128.0	18.0	4.0	48.0	14.0	10.0	124.0	12.0	28.0	8.0	4.0	78.0	22.0	8.0	62.0	10.0	76.0	10.0	26.0	2.0	12.0	2.0	28.0	18.0	2.0	56.0	14.0	16.0	20.0	28.0	18.0	6.0	20.0	66.0	8.0	10.0	78.0	4.0	32.0	76.0	30.0	24.0	16.0	20.0	14.0	82.0	16.0	2.0	8.0	4.0	112.0	10.0	16.0	46.0	16.0	22.0	96.0	16.0	2.0	2.0	16.0	120.0	18.0	12.0	80.0	24.0	26.0	8.0	20.0	78.0	22.0	14.0	16.0	10.0	104.0	38.0	6.0	26.0	74.0	26.0	88.0	8.0	6.0	24.0	26.0	38.0	32.0	48.0	8.0	28.0	52.0	6.0	148.0	6.0	20.0	22.0	26.0	2.0	2.0	68.0	24.0	10.0	28.0	20.0	20.0	14.0	20.0	66.0	28.0	12.0	10.0	96.0	6.0	100.0	22.0	16.0	8.0	4.0	16.0	18.0	22.0	6.0	12.0	6.0	26.0	8.0	12.0	72.0	26.0	54.0	4.0	2.0	2.0	80.0
CHEMBL1909396	0.0	76.0	36.0	18.0	16.0	22.0	14.0	12.0	8.0	16.0	10.0	10.0	20.0	14.0	64.0	22.0	36.0	8.0	6.0	60.0	24.0	2.0	8.0	16.0	0.0	70.0	16.0	14.0	34.0	24.0	12.0	6.0	10.0	30.0	142.0	10.0	12.0	84.0	12.0	22.0	118.0	14.0	66.0	10.0	34.0	8.0	42.0	46.0	12.0	66.0	46.0	16.0	8.0	6.0	82.0	18.0	6.0	62.0	4.0	90.0	14.0	12.0	68.0	10.0	104.0	50.0	12.0	90.0	14.0	56.0	6.0	4.0	22.0	4.0	98.0	42.0	82.0	10.0	52.0	6.0	14.0	58.0	150.0	8.0	10.0	24.0	6.0	24.0	56.0	16.0	18.0	68.0	6.0	8.0	6.0	26.0	4.0	54.0	4.0	8.0	4.0	150.0	14.0	28.0	6.0	22.0	30.0	12.0	144.0	8.0	6.0	36.0	18.0	66.0	38.0	60.0	6.0	8.0	8.0	28.0	24.0	12.0	56.0	128.0	18.0	4.0	98.0	14.0	10.0	124.0	62.0	28.0	8.0	4.0	28.0	22.0	58.0	112.0	60.0	126.0	10.0	26.0	2.0	12.0	2.0	78.0	18.0	2.0	106.0	14.0	16.0	20.0	28.0	18.0	6.0	20.0	16.0	8.0	10.0	78.0	4.0	32.0	26.0	30.0	24.0	66.0	20.0	14.0	82.0	16.0	2.0	8.0	4.0	112.0	60.0	16.0	46.0	16.0	72.0	46.0	66.0	2.0	2.0	16.0	120.0	18.0	12.0	30.0	74.0	26.0	8.0	20.0	78.0	72.0	14.0	16.0	10.0	54.0	88.0	56.0	26.0	124.0	26.0	38.0	8.0	6.0	24.0	76.0	38.0	32.0	48.0	8.0	78.0	52.0	6.0	148.0	6.0	70.0	22.0	26.0	2.0	2.0	18.0	24.0	10.0	28.0	20.0	20.0	14.0	20.0	16.0	28.0	12.0	10.0	96.0	6.0	100.0	72.0	16.0	8.0	4.0	66.0	18.0	72.0	6.0	12.0	6.0	26.0	8.0	12.0	22.0	26.0	54.0	4.0	2.0	2.0	80.0
CHEMBL1909404	0.0	26.0	36.0	18.0	66.0	22.0	64.0	12.0	8.0	16.0	10.0	10.0	20.0	14.0	14.0	22.0	36.0	8.0	6.0	10.0	74.0	2.0	8.0	16.0	0.0	20.0	16.0	64.0	84.0	24.0	12.0	6.0	10.0	30.0	92.0	10.0	12.0	34.0	12.0	22.0	118.0	14.0	16.0	60.0	34.0	8.0	92.0	96.0	12.0	16.0	46.0	16.0	8.0	6.0	82.0	18.0	6.0	12.0	4.0	40.0	14.0	62.0	68.0	60.0	104.0	50.0	12.0	40.0	64.0	6.0	6.0	4.0	22.0	4.0	48.0	92.0	32.0	10.0	52.0	6.0	14.0	108.0	150.0	8.0	10.0	24.0	6.0	24.0	6.0	16.0	18.0	118.0	6.0	8.0	6.0	26.0	4.0	54.0	4.0	8.0	4.0	150.0	14.0	28.0	6.0	22.0	80.0	62.0	94.0	8.0	6.0	36.0	18.0	16.0	38.0	10.0	6.0	8.0	8.0	78.0	74.0	12.0	56.0	128.0	18.0	4.0	98.0	14.0	10.0	124.0	12.0	78.0	8.0	54.0	28.0	72.0	8.0	112.0	10.0	126.0	10.0	76.0	2.0	12.0	52.0	28.0	18.0	2.0	106.0	14.0	16.0	20.0	28.0	18.0	6.0	20.0	66.0	8.0	10.0	78.0	4.0	32.0	76.0	30.0	24.0	66.0	20.0	14.0	132.0	66.0	2.0	8.0	4.0	112.0	10.0	16.0	46.0	16.0	22.0	96.0	16.0	52.0	2.0	16.0	70.0	18.0	12.0	30.0	74.0	26.0	8.0	20.0	78.0	22.0	14.0	16.0	10.0	54.0	38.0	6.0	26.0	74.0	26.0	38.0	8.0	6.0	24.0	26.0	38.0	82.0	48.0	8.0	78.0	102.0	6.0	148.0	56.0	20.0	72.0	26.0	2.0	2.0	18.0	74.0	10.0	28.0	20.0	20.0	14.0	20.0	66.0	28.0	12.0	10.0	46.0	6.0	50.0	22.0	16.0	8.0	4.0	16.0	18.0	22.0	6.0	12.0	6.0	26.0	8.0	12.0	22.0	26.0	54.0	4.0	2.0	2.0	80.0
CHEMBL1909408	0.0	26.0	36.0	18.0	16.0	22.0	14.0	12.0	8.0	16.0	10.0	10.0	70.0	64.0	14.0	22.0	36.0	8.0	6.0	60.0	24.0	2.0	8.0	16.0	0.0	20.0	16.0	14.0	34.0	24.0	12.0	56.0	10.0	30.0	92.0	10.0	12.0	34.0	12.0	22.0	118.0	14.0	66.0	60.0	84.0	8.0	92.0	46.0	12.0	16.0	46.0	16.0	8.0	6.0	32.0	18.0	6.0	62.0	4.0	40.0	14.0	62.0	18.0	10.0	104.0	100.0	12.0	40.0	14.0	56.0	6.0	4.0	22.0	4.0	98.0	42.0	82.0	10.0	52.0	6.0	14.0	108.0	150.0	8.0	10.0	74.0	56.0	24.0	56.0	16.0	18.0	118.0	6.0	8.0	6.0	26.0	4.0	104.0	4.0	8.0	4.0	150.0	14.0	78.0	6.0	72.0	30.0	62.0	144.0	8.0	6.0	36.0	18.0	16.0	88.0	10.0	6.0	8.0	8.0	28.0	74.0	62.0	56.0	128.0	18.0	4.0	98.0	14.0	10.0	124.0	12.0	28.0	58.0	54.0	78.0	22.0	8.0	62.0	10.0	126.0	10.0	26.0	2.0	62.0	2.0	78.0	18.0	52.0	106.0	14.0	16.0	20.0	28.0	18.0	6.0	20.0	16.0	8.0	10.0	128.0	4.0	32.0	76.0	80.0	74.0	16.0	20.0	64.0	132.0	16.0	2.0	8.0	4.0	112.0	60.0	66.0	96.0	16.0	22.0	46.0	16.0	2.0	52.0	66.0	120.0	18.0	12.0	30.0	24.0	26.0	8.0	20.0	78.0	72.0	14.0	16.0	10.0	104.0	38.0	6.0	26.0	124.0	26.0	88.0	8.0	6.0	24.0	26.0	38.0	32.0	48.0	8.0	28.0	102.0	6.0	148.0	6.0	20.0	72.0	76.0	2.0	52.0	18.0	24.0	10.0	28.0	20.0	20.0	64.0	20.0	66.0	28.0	12.0	10.0	96.0	6.0	100.0	22.0	16.0	58.0	4.0	16.0	18.0	22.0	6.0	12.0	6.0	26.0	8.0	12.0	22.0	76.0	104.0	4.0	2.0	52.0	130.0
CHEMBL1909414	0.0	26.0	36.0	18.0	16.0	22.0	14.0	12.0	8.0	16.0	10.0	60.0	20.0	14.0	64.0	22.0	36.0	8.0	6.0	60.0	24.0	2.0	8.0	16.0	0.0	20.0	16.0	14.0	84.0	24.0	12.0	56.0	10.0	30.0	142.0	10.0	12.0	34.0	12.0	22.0	118.0	64.0	16.0	10.0	34.0	8.0	42.0	46.0	62.0	16.0	46.0	16.0	8.0	6.0	32.0	18.0	6.0	12.0	4.0	40.0	14.0	12.0	18.0	10.0	104.0	50.0	12.0	90.0	64.0	6.0	6.0	4.0	22.0	4.0	98.0	92.0	32.0	10.0	52.0	6.0	14.0	108.0	150.0	8.0	10.0	24.0	6.0	24.0	56.0	16.0	18.0	118.0	6.0	8.0	6.0	26.0	4.0	104.0	4.0	8.0	4.0	150.0	14.0	78.0	6.0	22.0	30.0	12.0	144.0	8.0	6.0	36.0	18.0	16.0	88.0	10.0	6.0	58.0	8.0	28.0	74.0	12.0	56.0	128.0	18.0	4.0	48.0	14.0	60.0	124.0	62.0	28.0	8.0	4.0	28.0	22.0	8.0	112.0	10.0	76.0	60.0	76.0	2.0	12.0	2.0	28.0	18.0	52.0	56.0	14.0	16.0	20.0	28.0	18.0	6.0	20.0	66.0	8.0	10.0	128.0	54.0	32.0	76.0	80.0	24.0	16.0	20.0	14.0	82.0	66.0	2.0	8.0	4.0	112.0	10.0	66.0	46.0	66.0	22.0	46.0	16.0	2.0	52.0	16.0	120.0	68.0	12.0	30.0	24.0	26.0	8.0	20.0	28.0	72.0	14.0	66.0	10.0	54.0	88.0	6.0	26.0	74.0	26.0	88.0	8.0	6.0	24.0	76.0	38.0	32.0	98.0	8.0	28.0	102.0	56.0	148.0	56.0	20.0	22.0	26.0	2.0	2.0	18.0	24.0	10.0	28.0	20.0	70.0	14.0	20.0	16.0	28.0	12.0	10.0	46.0	6.0	50.0	22.0	16.0	8.0	4.0	16.0	18.0	72.0	6.0	12.0	6.0	26.0	8.0	12.0	22.0	26.0	54.0	4.0	2.0	2.0	80.0
CHEMBL205158	0.0	26.0	36.0	18.0	16.0	22.0	14.0	12.0	8.0	16.0	10.0	60.0	70.0	14.0	64.0	22.0	36.0	8.0	6.0	10.0	74.0	2.0	58.0	16.0	0.0	20.0	16.0	14.0	34.0	24.0	12.0	6.0	10.0	30.0	92.0	10.0	12.0	34.0	12.0	22.0	68.0	64.0	16.0	10.0	84.0	8.0	42.0	46.0	12.0	66.0	46.0	16.0	8.0	6.0	32.0	18.0	6.0	12.0	54.0	40.0	64.0	12.0	18.0	10.0	54.0	100.0	12.0	90.0	64.0	6.0	6.0	4.0	22.0	4.0	48.0	92.0	32.0	10.0	52.0	6.0	14.0	108.0	150.0	58.0	10.0	24.0	6.0	24.0	56.0	16.0	18.0	118.0	6.0	8.0	6.0	26.0	4.0	104.0	4.0	8.0	4.0	150.0	14.0	78.0	6.0	22.0	30.0	12.0	144.0	8.0	6.0	36.0	18.0	66.0	38.0	10.0	6.0	8.0	8.0	28.0	24.0	12.0	106.0	128.0	18.0	4.0	98.0	14.0	10.0	124.0	12.0	28.0	58.0	4.0	28.0	22.0	8.0	112.0	10.0	76.0	10.0	26.0	2.0	12.0	2.0	78.0	18.0	2.0	56.0	14.0	16.0	20.0	28.0	18.0	6.0	20.0	16.0	8.0	10.0	128.0	4.0	32.0	76.0	30.0	24.0	16.0	20.0	14.0	132.0	66.0	2.0	8.0	4.0	112.0	10.0	16.0	96.0	16.0	22.0	46.0	66.0	2.0	2.0	66.0	120.0	18.0	12.0	30.0	24.0	26.0	8.0	20.0	28.0	72.0	64.0	16.0	10.0	54.0	38.0	6.0	26.0	124.0	26.0	88.0	8.0	6.0	24.0	76.0	38.0	32.0	48.0	8.0	28.0	102.0	6.0	148.0	6.0	20.0	22.0	26.0	2.0	2.0	18.0	24.0	10.0	28.0	20.0	20.0	14.0	20.0	16.0	28.0	12.0	10.0	46.0	6.0	50.0	22.0	16.0	8.0	4.0	16.0	18.0	22.0	6.0	12.0	6.0	26.0	8.0	12.0	22.0	26.0	54.0	4.0	2.0	2.0	130.0
CHEMBL2062289	0.0	26.0	36.0	18.0	16.0	22.0	14.0	12.0	8.0	66.0	10.0	10.0	20.0	14.0	64.0	22.0	86.0	8.0	6.0	60.0	24.0	2.0	8.0	16.0	0.0	70.0	16.0	14.0	34.0	24.0	62.0	6.0	10.0	80.0	142.0	60.0	12.0	34.0	12.0	72.0	118.0	14.0	66.0	10.0	34.0	8.0	92.0	46.0	12.0	66.0	46.0	16.0	8.0	6.0	32.0	18.0	6.0	12.0	4.0	40.0	14.0	12.0	18.0	10.0	54.0	100.0	12.0	40.0	14.0	6.0	6.0	4.0	22.0	54.0	48.0	92.0	32.0	10.0	102.0	6.0	64.0	108.0	150.0	8.0	10.0	24.0	6.0	24.0	6.0	16.0	18.0	118.0	6.0	8.0	6.0	26.0	4.0	104.0	54.0	8.0	4.0	150.0	14.0	28.0	56.0	22.0	30.0	12.0	144.0	8.0	6.0	36.0	18.0	16.0	88.0	10.0	6.0	8.0	8.0	28.0	24.0	12.0	56.0	128.0	18.0	4.0	98.0	14.0	10.0	124.0	12.0	28.0	8.0	4.0	78.0	22.0	8.0	112.0	10.0	126.0	10.0	76.0	2.0	62.0	2.0	78.0	18.0	2.0	56.0	14.0	16.0	20.0	28.0	18.0	6.0	20.0	16.0	8.0	60.0	128.0	4.0	32.0	26.0	30.0	24.0	16.0	70.0	14.0	132.0	16.0	2.0	8.0	4.0	62.0	10.0	16.0	46.0	16.0	22.0	46.0	16.0	2.0	2.0	16.0	70.0	18.0	12.0	30.0	74.0	26.0	8.0	20.0	28.0	22.0	14.0	16.0	10.0	104.0	38.0	6.0	26.0	124.0	26.0	38.0	8.0	6.0	74.0	26.0	38.0	32.0	48.0	8.0	28.0	102.0	6.0	148.0	6.0	70.0	22.0	26.0	2.0	2.0	18.0	24.0	60.0	28.0	20.0	20.0	14.0	20.0	16.0	28.0	12.0	10.0	46.0	6.0	50.0	72.0	66.0	8.0	4.0	16.0	18.0	22.0	6.0	12.0	6.0	26.0	8.0	12.0	22.0	26.0	104.0	4.0	2.0	2.0	130.0
CHEMBL231623	0.0	26.0	36.0	18.0	16.0	22.0	14.0	12.0	8.0	16.0	10.0	10.0	20.0	14.0	14.0	22.0	36.0	8.0	6.0	10.0	74.0	2.0	8.0	16.0	0.0	20.0	16.0	14.0	84.0	24.0	12.0	6.0	10.0	30.0	92.0	10.0	12.0	34.0	12.0	22.0	118.0	64.0	16.0	10.0	34.0	8.0	42.0	46.0	62.0	16.0	46.0	16.0	8.0	6.0	82.0	18.0	6.0	12.0	4.0	40.0	14.0	12.0	18.0	10.0	54.0	50.0	12.0	40.0	64.0	6.0	6.0	4.0	22.0	4.0	48.0	92.0	32.0	10.0	52.0	6.0	14.0	58.0	150.0	8.0	10.0	24.0	6.0	24.0	6.0	16.0	18.0	118.0	6.0	8.0	6.0	26.0	4.0	104.0	4.0	8.0	4.0	150.0	14.0	28.0	6.0	22.0	30.0	12.0	144.0	8.0	6.0	86.0	18.0	16.0	38.0	10.0	56.0	8.0	8.0	28.0	24.0	12.0	56.0	128.0	18.0	4.0	98.0	14.0	60.0	124.0	12.0	78.0	8.0	4.0	28.0	72.0	8.0	112.0	10.0	126.0	10.0	76.0	2.0	12.0	2.0	28.0	18.0	2.0	106.0	14.0	16.0	20.0	28.0	18.0	6.0	20.0	16.0	8.0	10.0	78.0	4.0	32.0	26.0	30.0	24.0	16.0	20.0	14.0	82.0	16.0	2.0	8.0	4.0	112.0	10.0	16.0	46.0	16.0	72.0	46.0	16.0	2.0	2.0	16.0	70.0	68.0	12.0	30.0	74.0	26.0	8.0	20.0	28.0	22.0	14.0	66.0	10.0	54.0	38.0	6.0	76.0	74.0	26.0	38.0	8.0	6.0	24.0	26.0	38.0	32.0	48.0	8.0	28.0	52.0	6.0	148.0	6.0	20.0	22.0	26.0	2.0	2.0	18.0	74.0	10.0	28.0	20.0	20.0	14.0	20.0	16.0	28.0	12.0	10.0	46.0	6.0	50.0	22.0	16.0	8.0	4.0	16.0	18.0	22.0	6.0	12.0	6.0	26.0	8.0	12.0	22.0	26.0	54.0	4.0	2.0	2.0	80.0
CHEMBL234838	0.0	26.0	86.0	18.0	16.0	72.0	14.0	12.0	8.0	66.0	10.0	10.0	20.0	14.0	14.0	22.0	36.0	8.0	6.0	10.0	24.0	2.0	8.0	66.0	0.0	70.0	66.0	14.0	34.0	24.0	12.0	6.0	10.0	30.0	92.0	10.0	12.0	34.0	12.0	22.0	118.0	14.0	16.0	60.0	34.0	8.0	42.0	46.0	12.0	66.0	46.0	66.0	8.0	6.0	32.0	68.0	6.0	12.0	4.0	40.0	14.0	12.0	18.0	10.0	54.0	100.0	12.0	40.0	14.0	6.0	6.0	4.0	22.0	4.0	48.0	42.0	32.0	10.0	52.0	6.0	64.0	58.0	150.0	8.0	10.0	24.0	6.0	74.0	6.0	16.0	18.0	68.0	6.0	8.0	6.0	26.0	4.0	104.0	4.0	8.0	4.0	150.0	14.0	78.0	6.0	72.0	80.0	12.0	94.0	8.0	6.0	36.0	68.0	66.0	38.0	10.0	6.0	8.0	8.0	28.0	24.0	12.0	56.0	78.0	18.0	4.0	98.0	14.0	10.0	124.0	12.0	28.0	8.0	4.0	28.0	22.0	8.0	112.0	10.0	126.0	10.0	26.0	2.0	12.0	2.0	28.0	18.0	2.0	56.0	14.0	16.0	20.0	28.0	18.0	6.0	20.0	16.0	8.0	10.0	128.0	4.0	32.0	26.0	80.0	74.0	16.0	20.0	64.0	132.0	16.0	2.0	8.0	4.0	62.0	10.0	16.0	96.0	16.0	22.0	46.0	16.0	2.0	2.0	16.0	70.0	18.0	12.0	30.0	74.0	26.0	8.0	20.0	28.0	22.0	14.0	16.0	10.0	54.0	38.0	6.0	76.0	74.0	26.0	88.0	8.0	6.0	24.0	26.0	38.0	32.0	48.0	8.0	28.0	52.0	56.0	148.0	6.0	70.0	22.0	26.0	2.0	52.0	18.0	24.0	10.0	28.0	20.0	70.0	14.0	20.0	16.0	78.0	12.0	10.0	46.0	6.0	50.0	22.0	16.0	8.0	4.0	16.0	18.0	22.0	6.0	12.0	6.0	26.0	8.0	12.0	22.0	26.0	54.0	4.0	2.0	2.0	80.0
CHEMBL237347	0.0	26.0	36.0	18.0	16.0	22.0	14.0	12.0	8.0	16.0	10.0	10.0	20.0	14.0	14.0	22.0	36.0	8.0	6.0	10.0	74.0	2.0	8.0	16.0	0.0	20.0	16.0	14.0	34.0	24.0	12.0	56.0	10.0	30.0	142.0	10.0	12.0	34.0	12.0	22.0	118.0	14.0	16.0	10.0	34.0	8.0	42.0	46.0	12.0	16.0	46.0	16.0	8.0	6.0	32.0	18.0	6.0	12.0	54.0	40.0	14.0	12.0	18.0	10.0	104.0	50.0	12.0	90.0	14.0	6.0	6.0	4.0	22.0	4.0	98.0	92.0	32.0	10.0	102.0	6.0	14.0	58.0	150.0	8.0	10.0	24.0	6.0	24.0	6.0	16.0	18.0	68.0	6.0	8.0	6.0	76.0	4.0	54.0	4.0	8.0	4.0	150.0	64.0	28.0	56.0	22.0	30.0	12.0	144.0	8.0	6.0	36.0	68.0	16.0	38.0	10.0	6.0	8.0	58.0	28.0	24.0	12.0	56.0	128.0	18.0	4.0	98.0	14.0	10.0	124.0	12.0	28.0	58.0	4.0	28.0	22.0	8.0	62.0	10.0	126.0	10.0	26.0	2.0	12.0	2.0	28.0	68.0	52.0	56.0	14.0	16.0	20.0	28.0	18.0	6.0	20.0	66.0	8.0	10.0	78.0	4.0	32.0	26.0	30.0	24.0	66.0	20.0	14.0	82.0	16.0	2.0	8.0	4.0	112.0	10.0	16.0	46.0	16.0	22.0	46.0	16.0	52.0	2.0	16.0	70.0	18.0	12.0	80.0	24.0	26.0	8.0	20.0	28.0	22.0	64.0	16.0	10.0	104.0	38.0	6.0	26.0	124.0	26.0	38.0	58.0	6.0	24.0	26.0	38.0	32.0	48.0	8.0	28.0	52.0	6.0	148.0	6.0	70.0	22.0	26.0	2.0	2.0	18.0	24.0	10.0	28.0	20.0	20.0	14.0	20.0	16.0	28.0	12.0	10.0	96.0	6.0	100.0	22.0	16.0	8.0	4.0	16.0	18.0	22.0	6.0	62.0	6.0	26.0	8.0	12.0	22.0	76.0	54.0	54.0	2.0	2.0	80.0
CHEMBL243907	0.0	26.0	36.0	18.0	16.0	22.0	14.0	12.0	58.0	16.0	10.0	10.0	20.0	14.0	14.0	22.0	86.0	58.0	6.0	10.0	24.0	2.0	8.0	66.0	0.0	70.0	16.0	14.0	34.0	24.0	12.0	6.0	10.0	30.0	142.0	10.0	12.0	34.0	12.0	72.0	118.0	14.0	16.0	60.0	34.0	8.0	42.0	46.0	12.0	16.0	46.0	16.0	8.0	6.0	82.0	18.0	6.0	62.0	4.0	40.0	14.0	12.0	18.0	10.0	104.0	100.0	12.0	90.0	14.0	6.0	6.0	4.0	22.0	4.0	98.0	42.0	82.0	10.0	52.0	6.0	14.0	108.0	150.0	8.0	10.0	24.0	6.0	24.0	56.0	66.0	18.0	118.0	6.0	8.0	6.0	26.0	4.0	54.0	4.0	8.0	4.0	150.0	14.0	28.0	6.0	22.0	30.0	12.0	144.0	8.0	6.0	36.0	18.0	16.0	38.0	10.0	6.0	58.0	58.0	28.0	74.0	12.0	56.0	128.0	18.0	4.0	98.0	14.0	10.0	124.0	12.0	28.0	8.0	4.0	28.0	22.0	8.0	62.0	10.0	126.0	60.0	26.0	2.0	12.0	2.0	28.0	68.0	2.0	56.0	14.0	16.0	20.0	28.0	18.0	6.0	20.0	16.0	8.0	10.0	78.0	4.0	32.0	26.0	30.0	24.0	16.0	20.0	14.0	82.0	16.0	2.0	58.0	4.0	62.0	10.0	16.0	46.0	16.0	22.0	46.0	16.0	2.0	52.0	16.0	120.0	68.0	12.0	30.0	24.0	26.0	8.0	20.0	78.0	22.0	64.0	16.0	10.0	54.0	88.0	56.0	26.0	74.0	26.0	38.0	8.0	6.0	24.0	76.0	38.0	32.0	98.0	8.0	28.0	52.0	6.0	148.0	6.0	20.0	22.0	76.0	2.0	2.0	18.0	74.0	10.0	28.0	20.0	20.0	14.0	70.0	16.0	28.0	12.0	10.0	46.0	6.0	50.0	22.0	16.0	8.0	4.0	16.0	18.0	22.0	56.0	12.0	6.0	26.0	8.0	12.0	22.0	26.0	54.0	4.0	2.0	2.0	130.0
CHEMBL261849	0.0	76.0	36.0	18.0	66.0	22.0	14.0	12.0	8.0	16.0	10.0	10.0	20.0	14.0	64.0	22.0	36.0	8.0	6.0	10.0	24.0	2.0	8.0	16.0	0.0	20.0	16.0	14.0	34.0	74.0	12.0	6.0	10.0	30.0	142.0	10.0	12.0	34.0	12.0	22.0	68.0	14.0	16.0	60.0	34.0	58.0	42.0	46.0	12.0	16.0	46.0	16.0	8.0	6.0	32.0	68.0	6.0	12.0	4.0	40.0	14.0	12.0	18.0	10.0	104.0	50.0	12.0	90.0	14.0	6.0	56.0	4.0	22.0	4.0	98.0	42.0	32.0	10.0	52.0	6.0	14.0	108.0	150.0	8.0	10.0	74.0	6.0	24.0	6.0	16.0	18.0	68.0	6.0	8.0	6.0	76.0	4.0	54.0	4.0	8.0	4.0	150.0	14.0	28.0	6.0	22.0	30.0	12.0	144.0	8.0	6.0	36.0	18.0	16.0	38.0	10.0	6.0	8.0	8.0	28.0	24.0	12.0	106.0	128.0	18.0	4.0	48.0	14.0	10.0	74.0	12.0	28.0	8.0	4.0	28.0	22.0	8.0	62.0	10.0	76.0	10.0	26.0	2.0	12.0	2.0	28.0	18.0	2.0	106.0	14.0	16.0	70.0	28.0	18.0	56.0	20.0	66.0	8.0	10.0	78.0	4.0	32.0	26.0	30.0	24.0	16.0	20.0	14.0	82.0	16.0	2.0	8.0	4.0	112.0	10.0	16.0	46.0	66.0	72.0	96.0	66.0	2.0	2.0	16.0	120.0	18.0	12.0	30.0	24.0	26.0	8.0	20.0	28.0	22.0	14.0	16.0	10.0	54.0	38.0	6.0	26.0	74.0	26.0	88.0	8.0	6.0	24.0	76.0	88.0	32.0	48.0	8.0	28.0	52.0	6.0	148.0	6.0	20.0	22.0	76.0	2.0	2.0	68.0	24.0	10.0	28.0	20.0	20.0	14.0	20.0	16.0	28.0	12.0	10.0	96.0	6.0	50.0	22.0	16.0	8.0	4.0	66.0	18.0	22.0	6.0	12.0	6.0	26.0	8.0	12.0	72.0	76.0	54.0	4.0	2.0	2.0	130.0
CHEMBL267228	0.0	26.0	36.0	18.0	16.0	22.0	14.0	12.0	8.0	66.0	10.0	10.0	70.0	14.0	14.0	22.0	36.0	8.0	6.0	10.0	24.0	2.0	8.0	16.0	0.0	20.0	16.0	14.0	34.0	24.0	12.0	56.0	10.0	30.0	92.0	10.0	12.0	34.0	12.0	22.0	118.0	64.0	16.0	10.0	34.0	8.0	42.0	46.0	12.0	16.0	96.0	16.0	8.0	6.0	32.0	68.0	6.0	12.0	4.0	90.0	64.0	12.0	18.0	10.0	104.0	100.0	12.0	40.0	64.0	6.0	56.0	4.0	72.0	4.0	98.0	92.0	32.0	10.0	52.0	6.0	14.0	108.0	150.0	8.0	10.0	24.0	6.0	24.0	6.0	16.0	18.0	118.0	56.0	8.0	6.0	26.0	4.0	54.0	4.0	8.0	4.0	150.0	14.0	28.0	6.0	22.0	30.0	12.0	144.0	8.0	6.0	36.0	68.0	16.0	88.0	10.0	6.0	8.0	8.0	28.0	74.0	12.0	56.0	128.0	18.0	4.0	48.0	14.0	10.0	124.0	12.0	28.0	58.0	4.0	28.0	22.0	8.0	112.0	10.0	76.0	10.0	26.0	2.0	12.0	2.0	78.0	18.0	2.0	56.0	14.0	16.0	20.0	28.0	18.0	6.0	20.0	66.0	8.0	10.0	128.0	4.0	82.0	26.0	80.0	24.0	16.0	20.0	14.0	82.0	16.0	2.0	8.0	4.0	112.0	10.0	66.0	96.0	16.0	22.0	46.0	16.0	2.0	2.0	16.0	70.0	18.0	62.0	30.0	24.0	26.0	8.0	20.0	28.0	72.0	64.0	66.0	10.0	54.0	38.0	6.0	26.0	74.0	26.0	38.0	8.0	6.0	24.0	26.0	38.0	32.0	98.0	8.0	28.0	102.0	6.0	148.0	6.0	20.0	22.0	76.0	2.0	2.0	18.0	74.0	10.0	28.0	20.0	70.0	14.0	20.0	16.0	28.0	12.0	10.0	46.0	6.0	50.0	22.0	16.0	8.0	4.0	16.0	18.0	22.0	6.0	12.0	6.0	26.0	8.0	12.0	22.0	26.0	54.0	4.0	2.0	2.0	80.0
CHEMBL272028	0.0	26.0	36.0	18.0	16.0	22.0	14.0	62.0	58.0	66.0	60.0	10.0	20.0	14.0	14.0	72.0	86.0	8.0	6.0	10.0	24.0	2.0	8.0	16.0	0.0	20.0	16.0	14.0	84.0	24.0	12.0	6.0	10.0	30.0	92.0	10.0	12.0	84.0	62.0	22.0	118.0	14.0	16.0	10.0	34.0	8.0	42.0	46.0	12.0	16.0	46.0	16.0	8.0	6.0	32.0	18.0	6.0	12.0	4.0	90.0	14.0	62.0	18.0	10.0	104.0	50.0	62.0	40.0	14.0	6.0	6.0	4.0	72.0	4.0	48.0	92.0	82.0	10.0	52.0	6.0	14.0	108.0	150.0	8.0	10.0	24.0	6.0	24.0	56.0	16.0	18.0	118.0	6.0	8.0	6.0	76.0	4.0	104.0	4.0	8.0	4.0	150.0	64.0	28.0	6.0	22.0	80.0	12.0	144.0	8.0	6.0	36.0	18.0	16.0	88.0	10.0	6.0	8.0	8.0	78.0	24.0	12.0	106.0	128.0	18.0	4.0	98.0	14.0	10.0	124.0	12.0	28.0	8.0	4.0	28.0	22.0	8.0	62.0	10.0	126.0	10.0	26.0	2.0	62.0	52.0	28.0	18.0	2.0	106.0	14.0	16.0	20.0	28.0	18.0	6.0	20.0	66.0	8.0	10.0	78.0	4.0	32.0	76.0	30.0	74.0	16.0	20.0	14.0	82.0	16.0	2.0	8.0	4.0	112.0	60.0	16.0	46.0	16.0	22.0	46.0	16.0	2.0	2.0	16.0	70.0	18.0	12.0	30.0	24.0	26.0	8.0	70.0	78.0	22.0	14.0	16.0	10.0	104.0	88.0	6.0	26.0	124.0	76.0	38.0	58.0	6.0	24.0	26.0	38.0	32.0	98.0	8.0	28.0	102.0	56.0	148.0	6.0	20.0	22.0	26.0	52.0	2.0	18.0	74.0	10.0	28.0	20.0	20.0	14.0	20.0	16.0	78.0	12.0	10.0	46.0	6.0	50.0	22.0	16.0	8.0	4.0	66.0	18.0	22.0	56.0	12.0	6.0	26.0	8.0	12.0	22.0	26.0	54.0	4.0	2.0	2.0	80.0
CHEMBL272414	0.0	26.0	36.0	18.0	16.0	22.0	14.0	12.0	8.0	16.0	10.0	10.0	20.0	14.0	14.0	22.0	86.0	8.0	6.0	10.0	24.0	2.0	8.0	16.0	0.0	20.0	16.0	14.0	34.0	24.0	12.0	6.0	60.0	30.0	142.0	10.0	12.0	84.0	12.0	22.0	68.0	14.0	16.0	10.0	34.0	8.0	42.0	46.0	12.0	16.0	46.0	16.0	8.0	6.0	32.0	18.0	6.0	12.0	4.0	90.0	14.0	12.0	18.0	10.0	104.0	50.0	62.0	90.0	14.0	6.0	6.0	4.0	72.0	54.0	48.0	92.0	82.0	10.0	52.0	6.0	14.0	58.0	150.0	8.0	10.0	24.0	6.0	24.0	6.0	16.0	18.0	118.0	6.0	8.0	6.0	76.0	4.0	104.0	4.0	8.0	54.0	150.0	14.0	28.0	6.0	72.0	30.0	12.0	144.0	8.0	6.0	36.0	18.0	16.0	88.0	10.0	6.0	58.0	8.0	28.0	24.0	12.0	106.0	78.0	18.0	4.0	48.0	14.0	10.0	124.0	12.0	78.0	8.0	4.0	28.0	22.0	8.0	62.0	10.0	126.0	60.0	26.0	2.0	62.0	2.0	78.0	18.0	2.0	106.0	14.0	16.0	20.0	28.0	18.0	6.0	20.0	16.0	8.0	10.0	78.0	4.0	32.0	26.0	30.0	24.0	66.0	20.0	14.0	82.0	16.0	2.0	8.0	4.0	62.0	60.0	16.0	46.0	16.0	22.0	46.0	16.0	52.0	2.0	66.0	70.0	18.0	12.0	30.0	24.0	26.0	8.0	70.0	78.0	72.0	14.0	16.0	10.0	104.0	38.0	6.0	26.0	74.0	26.0	38.0	58.0	6.0	24.0	26.0	38.0	32.0	98.0	8.0	28.0	52.0	6.0	148.0	6.0	20.0	22.0	26.0	2.0	2.0	18.0	24.0	10.0	78.0	20.0	20.0	14.0	20.0	16.0	28.0	12.0	10.0	46.0	6.0	50.0	22.0	16.0	8.0	4.0	16.0	18.0	22.0	6.0	12.0	6.0	26.0	8.0	12.0	22.0	26.0	54.0	4.0	2.0	2.0	80.0
CHEMBL318892	0.0	26.0	36.0	18.0	16.0	22.0	14.0	12.0	8.0	16.0	10.0	10.0	20.0	14.0	14.0	22.0	36.0	8.0	6.0	10.0	74.0	2.0	58.0	16.0	0.0	20.0	16.0	14.0	84.0	24.0	12.0	6.0	10.0	30.0	142.0	10.0	12.0	34.0	12.0	22.0	68.0	14.0	16.0	10.0	34.0	8.0	92.0	96.0	12.0	16.0	46.0	66.0	8.0	6.0	32.0	18.0	6.0	12.0	4.0	40.0	14.0	12.0	68.0	10.0	104.0	100.0	62.0	40.0	64.0	6.0	6.0	54.0	22.0	4.0	48.0	92.0	32.0	10.0	52.0	6.0	64.0	58.0	150.0	58.0	10.0	24.0	6.0	24.0	6.0	16.0	18.0	118.0	6.0	8.0	6.0	26.0	4.0	54.0	4.0	8.0	4.0	150.0	14.0	28.0	6.0	22.0	30.0	12.0	94.0	8.0	6.0	36.0	18.0	16.0	38.0	10.0	6.0	8.0	8.0	78.0	24.0	12.0	106.0	128.0	18.0	4.0	48.0	14.0	10.0	124.0	12.0	78.0	8.0	4.0	78.0	72.0	8.0	112.0	10.0	76.0	10.0	26.0	2.0	12.0	52.0	28.0	18.0	2.0	56.0	14.0	16.0	20.0	28.0	18.0	6.0	20.0	16.0	8.0	10.0	128.0	4.0	32.0	26.0	30.0	24.0	66.0	20.0	14.0	132.0	16.0	2.0	8.0	4.0	112.0	10.0	16.0	96.0	16.0	22.0	46.0	16.0	2.0	2.0	16.0	70.0	18.0	12.0	30.0	74.0	26.0	8.0	20.0	78.0	22.0	14.0	66.0	10.0	54.0	38.0	6.0	26.0	124.0	26.0	88.0	8.0	56.0	24.0	26.0	88.0	32.0	48.0	8.0	28.0	102.0	6.0	148.0	56.0	20.0	22.0	26.0	2.0	2.0	18.0	24.0	10.0	28.0	70.0	20.0	14.0	20.0	16.0	28.0	12.0	10.0	46.0	6.0	100.0	22.0	16.0	8.0	4.0	16.0	18.0	22.0	6.0	62.0	6.0	26.0	8.0	12.0	22.0	26.0	104.0	4.0	2.0	2.0	80.0
CHEMBL347580	0.0	76.0	36.0	18.0	16.0	22.0	14.0	12.0	8.0	16.0	10.0	10.0	20.0	14.0	64.0	22.0	86.0	8.0	6.0	10.0	24.0	2.0	8.0	16.0	0.0	20.0	16.0	14.0	34.0	24.0	62.0	6.0	10.0	30.0	142.0	10.0	12.0	84.0	12.0	22.0	68.0	14.0	16.0	10.0	34.0	8.0	42.0	46.0	12.0	16.0	46.0	16.0	8.0	6.0	32.0	18.0	6.0	12.0	4.0	90.0	14.0	12.0	18.0	10.0	104.0	100.0	12.0	90.0	14.0	6.0	56.0	4.0	22.0	4.0	98.0	42.0	32.0	10.0	52.0	6.0	14.0	58.0	150.0	8.0	10.0	24.0	6.0	24.0	6.0	16.0	18.0	118.0	6.0	8.0	6.0	26.0	4.0	104.0	4.0	58.0	4.0	150.0	14.0	28.0	6.0	22.0	30.0	12.0	94.0	8.0	6.0	36.0	68.0	16.0	38.0	10.0	6.0	8.0	8.0	28.0	24.0	12.0	106.0	78.0	18.0	4.0	48.0	14.0	10.0	124.0	12.0	28.0	8.0	4.0	28.0	22.0	8.0	112.0	10.0	126.0	10.0	26.0	2.0	12.0	2.0	28.0	18.0	2.0	56.0	14.0	16.0	20.0	28.0	18.0	6.0	20.0	16.0	8.0	10.0	128.0	4.0	32.0	26.0	30.0	24.0	16.0	20.0	14.0	132.0	16.0	2.0	8.0	4.0	112.0	10.0	16.0	96.0	16.0	72.0	46.0	16.0	2.0	2.0	16.0	120.0	18.0	12.0	30.0	24.0	26.0	58.0	20.0	28.0	22.0	14.0	16.0	10.0	54.0	38.0	6.0	26.0	124.0	26.0	88.0	8.0	6.0	24.0	76.0	38.0	82.0	48.0	8.0	28.0	102.0	6.0	148.0	6.0	20.0	22.0	26.0	2.0	2.0	18.0	24.0	10.0	28.0	20.0	20.0	14.0	20.0	16.0	78.0	12.0	10.0	46.0	6.0	50.0	22.0	16.0	8.0	4.0	16.0	18.0	22.0	6.0	12.0	56.0	26.0	58.0	12.0	22.0	26.0	54.0	4.0	2.0	2.0	80.0
CHEMBL365663	0.0	26.0	86.0	18.0	16.0	22.0	14.0	12.0	8.0	16.0	10.0	10.0	20.0	14.0	14.0	22.0	86.0	8.0	6.0	10.0	74.0	2.0	58.0	16.0	0.0	20.0	16.0	14.0	34.0	24.0	12.0	6.0	10.0	80.0	142.0	10.0	12.0	34.0	12.0	22.0	68.0	14.0	16.0	10.0	34.0	8.0	42.0	96.0	12.0	16.0	96.0	16.0	8.0	6.0	32.0	18.0	6.0	12.0	4.0	40.0	14.0	12.0	18.0	10.0	104.0	100.0	12.0	40.0	64.0	6.0	6.0	4.0	22.0	4.0	98.0	92.0	32.0	10.0	52.0	6.0	14.0	108.0	150.0	8.0	10.0	24.0	6.0	24.0	6.0	16.0	18.0	68.0	6.0	8.0	6.0	26.0	4.0	54.0	4.0	8.0	4.0	150.0	64.0	28.0	6.0	22.0	30.0	12.0	144.0	8.0	6.0	36.0	18.0	16.0	38.0	10.0	6.0	8.0	8.0	78.0	24.0	12.0	106.0	128.0	18.0	4.0	48.0	14.0	10.0	74.0	62.0	28.0	8.0	4.0	28.0	22.0	8.0	112.0	10.0	76.0	10.0	26.0	2.0	12.0	2.0	28.0	18.0	2.0	106.0	14.0	16.0	20.0	28.0	18.0	6.0	20.0	16.0	8.0	10.0	78.0	4.0	32.0	26.0	80.0	74.0	16.0	70.0	14.0	82.0	16.0	2.0	8.0	54.0	112.0	10.0	16.0	46.0	16.0	72.0	46.0	16.0	2.0	2.0	16.0	70.0	18.0	12.0	30.0	24.0	26.0	8.0	20.0	28.0	72.0	64.0	66.0	10.0	54.0	38.0	6.0	26.0	74.0	26.0	38.0	8.0	6.0	24.0	26.0	38.0	32.0	48.0	8.0	28.0	102.0	6.0	148.0	6.0	70.0	22.0	26.0	2.0	2.0	18.0	24.0	10.0	78.0	20.0	20.0	14.0	20.0	16.0	28.0	12.0	10.0	46.0	6.0	100.0	22.0	16.0	8.0	4.0	66.0	18.0	22.0	6.0	12.0	6.0	26.0	8.0	12.0	22.0	26.0	54.0	4.0	2.0	2.0	80.0
CHEMBL374060	0.0	26.0	36.0	18.0	16.0	22.0	14.0	12.0	8.0	16.0	10.0	10.0	20.0	64.0	14.0	22.0	36.0	58.0	6.0	10.0	24.0	2.0	8.0	16.0	0.0	20.0	16.0	14.0	34.0	24.0	12.0	6.0	10.0	80.0	142.0	10.0	12.0	34.0	12.0	72.0	118.0	14.0	16.0	10.0	34.0	8.0	42.0	46.0	12.0	16.0	46.0	16.0	8.0	6.0	82.0	18.0	6.0	12.0	4.0	40.0	14.0	12.0	18.0	10.0	54.0	100.0	12.0	90.0	64.0	6.0	6.0	4.0	22.0	4.0	48.0	42.0	32.0	10.0	52.0	6.0	14.0	58.0	150.0	8.0	10.0	24.0	6.0	24.0	6.0	16.0	18.0	68.0	6.0	8.0	6.0	76.0	4.0	54.0	4.0	8.0	4.0	150.0	14.0	28.0	6.0	22.0	80.0	12.0	144.0	8.0	6.0	36.0	68.0	16.0	38.0	60.0	6.0	8.0	8.0	28.0	24.0	12.0	56.0	128.0	18.0	4.0	98.0	14.0	10.0	74.0	12.0	28.0	8.0	4.0	28.0	22.0	8.0	112.0	10.0	126.0	10.0	26.0	2.0	62.0	2.0	78.0	68.0	2.0	56.0	14.0	16.0	20.0	78.0	18.0	6.0	20.0	16.0	8.0	10.0	78.0	4.0	32.0	26.0	30.0	24.0	16.0	20.0	14.0	132.0	16.0	2.0	58.0	4.0	62.0	10.0	16.0	46.0	16.0	22.0	46.0	16.0	2.0	2.0	66.0	120.0	18.0	12.0	80.0	24.0	26.0	8.0	20.0	28.0	22.0	14.0	16.0	60.0	54.0	38.0	6.0	26.0	74.0	26.0	38.0	8.0	6.0	24.0	26.0	38.0	32.0	48.0	8.0	78.0	52.0	6.0	98.0	6.0	20.0	22.0	26.0	2.0	2.0	18.0	24.0	60.0	28.0	20.0	20.0	14.0	20.0	16.0	28.0	62.0	10.0	96.0	6.0	50.0	22.0	16.0	8.0	4.0	16.0	68.0	22.0	6.0	12.0	6.0	26.0	8.0	12.0	22.0	26.0	54.0	4.0	2.0	2.0	130.0
CHEMBL399410	0.0	76.0	86.0	18.0	16.0	22.0	14.0	12.0	8.0	16.0	10.0	10.0	20.0	14.0	64.0	22.0	36.0	8.0	6.0	10.0	24.0	2.0	8.0	16.0	0.0	20.0	16.0	14.0	34.0	24.0	12.0	6.0	10.0	30.0	142.0	10.0	12.0	84.0	12.0	22.0	68.0	64.0	66.0	10.0	34.0	8.0	42.0	46.0	12.0	16.0	46.0	16.0	58.0	56.0	32.0	18.0	6.0	12.0	4.0	40.0	14.0	12.0	18.0	10.0	104.0	50.0	12.0	90.0	64.0	6.0	6.0	4.0	22.0	4.0	98.0	92.0	32.0	10.0	52.0	6.0	14.0	58.0	150.0	8.0	10.0	24.0	6.0	24.0	6.0	16.0	18.0	68.0	6.0	8.0	6.0	26.0	4.0	54.0	4.0	8.0	4.0	150.0	14.0	28.0	6.0	22.0	30.0	62.0	144.0	58.0	56.0	36.0	18.0	16.0	38.0	10.0	6.0	8.0	8.0	28.0	24.0	12.0	106.0	128.0	18.0	4.0	48.0	14.0	60.0	124.0	12.0	28.0	8.0	4.0	28.0	22.0	8.0	112.0	10.0	126.0	10.0	26.0	2.0	12.0	2.0	28.0	68.0	2.0	56.0	14.0	16.0	20.0	28.0	18.0	6.0	20.0	16.0	8.0	10.0	78.0	4.0	32.0	26.0	30.0	24.0	16.0	20.0	14.0	132.0	16.0	2.0	8.0	4.0	62.0	60.0	16.0	46.0	16.0	22.0	46.0	16.0	52.0	2.0	16.0	120.0	68.0	12.0	80.0	24.0	26.0	8.0	20.0	28.0	22.0	14.0	16.0	10.0	54.0	38.0	6.0	26.0	74.0	26.0	38.0	58.0	56.0	24.0	76.0	38.0	32.0	48.0	8.0	28.0	102.0	6.0	148.0	56.0	20.0	22.0	26.0	2.0	2.0	18.0	74.0	10.0	28.0	20.0	20.0	14.0	20.0	16.0	28.0	12.0	10.0	46.0	56.0	50.0	22.0	16.0	8.0	4.0	16.0	18.0	22.0	6.0	12.0	6.0	26.0	8.0	12.0	22.0	26.0	54.0	4.0	2.0	2.0	80.0
CHEMBL408564	0.0	26.0	36.0	18.0	16.0	22.0	14.0	12.0	8.0	16.0	10.0	10.0	20.0	14.0	64.0	22.0	36.0	8.0	56.0	60.0	74.0	2.0	8.0	16.0	0.0	70.0	16.0	14.0	34.0	24.0	12.0	6.0	10.0	30.0	92.0	10.0	12.0	34.0	12.0	22.0	118.0	14.0	66.0	10.0	34.0	8.0	92.0	96.0	12.0	16.0	46.0	16.0	8.0	6.0	32.0	18.0	6.0	12.0	4.0	40.0	14.0	12.0	18.0	10.0	104.0	100.0	62.0	40.0	64.0	6.0	6.0	4.0	22.0	54.0	48.0	92.0	32.0	10.0	102.0	6.0	64.0	58.0	150.0	8.0	10.0	24.0	6.0	24.0	6.0	16.0	18.0	118.0	6.0	8.0	6.0	26.0	54.0	54.0	54.0	8.0	4.0	150.0	14.0	28.0	6.0	22.0	30.0	12.0	144.0	8.0	6.0	36.0	18.0	16.0	38.0	60.0	6.0	8.0	8.0	28.0	24.0	12.0	106.0	128.0	18.0	4.0	98.0	14.0	10.0	124.0	12.0	78.0	8.0	4.0	28.0	72.0	8.0	62.0	10.0	126.0	10.0	26.0	2.0	12.0	2.0	78.0	18.0	2.0	56.0	14.0	16.0	20.0	28.0	18.0	6.0	20.0	66.0	8.0	10.0	128.0	4.0	32.0	26.0	30.0	24.0	16.0	20.0	14.0	82.0	16.0	2.0	8.0	4.0	62.0	10.0	16.0	46.0	16.0	72.0	46.0	16.0	2.0	2.0	16.0	70.0	18.0	12.0	30.0	24.0	26.0	8.0	20.0	28.0	22.0	14.0	16.0	10.0	104.0	38.0	6.0	26.0	74.0	76.0	38.0	8.0	6.0	24.0	76.0	38.0	32.0	98.0	58.0	28.0	102.0	6.0	148.0	6.0	70.0	22.0	76.0	2.0	2.0	18.0	24.0	10.0	28.0	20.0	20.0	14.0	20.0	16.0	28.0	12.0	10.0	46.0	6.0	50.0	22.0	16.0	8.0	4.0	16.0	68.0	22.0	6.0	12.0	6.0	26.0	8.0	12.0	22.0	26.0	104.0	54.0	2.0	2.0	80.0
CHEMBL443563	0.0	76.0	36.0	18.0	16.0	22.0	14.0	12.0	8.0	66.0	10.0	10.0	20.0	14.0	14.0	22.0	36.0	8.0	6.0	10.0	24.0	2.0	8.0	16.0	0.0	20.0	16.0	64.0	34.0	74.0	12.0	6.0	10.0	30.0	142.0	10.0	12.0	34.0	12.0	22.0	68.0	14.0	16.0	10.0	34.0	8.0	42.0	46.0	12.0	16.0	46.0	16.0	8.0	6.0	32.0	18.0	6.0	12.0	4.0	40.0	14.0	12.0	18.0	10.0	104.0	100.0	12.0	40.0	14.0	56.0	6.0	4.0	22.0	4.0	98.0	42.0	32.0	10.0	102.0	6.0	14.0	58.0	150.0	8.0	10.0	24.0	6.0	24.0	6.0	16.0	68.0	68.0	6.0	8.0	6.0	26.0	4.0	54.0	54.0	8.0	4.0	150.0	14.0	28.0	6.0	22.0	30.0	12.0	144.0	8.0	6.0	36.0	18.0	16.0	38.0	10.0	6.0	8.0	8.0	78.0	24.0	12.0	106.0	128.0	18.0	4.0	48.0	14.0	10.0	124.0	12.0	28.0	8.0	4.0	78.0	22.0	8.0	112.0	10.0	76.0	10.0	26.0	2.0	12.0	2.0	78.0	18.0	2.0	56.0	14.0	16.0	20.0	28.0	18.0	6.0	20.0	16.0	8.0	10.0	78.0	4.0	32.0	26.0	30.0	24.0	16.0	20.0	14.0	82.0	16.0	2.0	8.0	4.0	112.0	10.0	16.0	96.0	16.0	22.0	96.0	16.0	2.0	2.0	16.0	120.0	18.0	12.0	30.0	24.0	26.0	8.0	20.0	78.0	22.0	14.0	16.0	10.0	54.0	38.0	6.0	26.0	74.0	26.0	38.0	8.0	6.0	24.0	26.0	38.0	32.0	48.0	8.0	28.0	52.0	6.0	148.0	6.0	70.0	22.0	26.0	2.0	2.0	18.0	24.0	10.0	78.0	20.0	20.0	14.0	20.0	16.0	28.0	12.0	10.0	46.0	6.0	100.0	22.0	66.0	8.0	54.0	16.0	18.0	22.0	6.0	12.0	6.0	76.0	8.0	12.0	72.0	26.0	54.0	4.0	2.0	2.0	130.0
CHEMBL483747	0.0	26.0	36.0	18.0	16.0	22.0	14.0	12.0	8.0	16.0	10.0	10.0	20.0	14.0	14.0	22.0	86.0	8.0	6.0	10.0	24.0	2.0	8.0	16.0	0.0	20.0	16.0	14.0	34.0	24.0	12.0	6.0	10.0	30.0	142.0	10.0	12.0	84.0	12.0	22.0	68.0	14.0	16.0	60.0	34.0	8.0	42.0	46.0	12.0	16.0	46.0	66.0	8.0	6.0	32.0	18.0	6.0	12.0	4.0	40.0	14.0	12.0	68.0	10.0	104.0	100.0	62.0	90.0	64.0	6.0	6.0	4.0	72.0	4.0	48.0	92.0	32.0	10.0	52.0	6.0	14.0	108.0	150.0	8.0	10.0	24.0	6.0	24.0	6.0	16.0	18.0	68.0	6.0	8.0	6.0	76.0	4.0	104.0	4.0	8.0	4.0	150.0	14.0	28.0	6.0	22.0	30.0	12.0	144.0	8.0	6.0	36.0	18.0	16.0	38.0	10.0	6.0	8.0	8.0	78.0	24.0	12.0	56.0	128.0	18.0	4.0	48.0	14.0	10.0	74.0	12.0	28.0	8.0	4.0	78.0	22.0	8.0	112.0	10.0	126.0	10.0	26.0	2.0	12.0	2.0	28.0	18.0	2.0	106.0	14.0	16.0	20.0	28.0	18.0	6.0	20.0	16.0	8.0	10.0	78.0	4.0	32.0	26.0	30.0	24.0	16.0	20.0	14.0	82.0	16.0	2.0	8.0	4.0	112.0	60.0	16.0	96.0	16.0	22.0	96.0	16.0	2.0	2.0	16.0	120.0	68.0	62.0	30.0	24.0	26.0	8.0	20.0	28.0	22.0	14.0	16.0	10.0	104.0	38.0	6.0	26.0	74.0	26.0	88.0	8.0	6.0	24.0	26.0	38.0	32.0	48.0	8.0	28.0	52.0	6.0	148.0	6.0	20.0	22.0	76.0	2.0	2.0	68.0	24.0	10.0	78.0	20.0	20.0	64.0	20.0	66.0	28.0	12.0	10.0	96.0	6.0	50.0	22.0	16.0	8.0	4.0	16.0	18.0	22.0	6.0	12.0	6.0	26.0	8.0	12.0	22.0	76.0	54.0	4.0	2.0	2.0	130.0
CHEMBL4850683	0.0	26.0	36.0	18.0	16.0	22.0	14.0	12.0	8.0	16.0	10.0	10.0	20.0	14.0	14.0	22.0	86.0	8.0	6.0	10.0	24.0	2.0	8.0	16.0	0.0	70.0	16.0	14.0	34.0	74.0	12.0	6.0	60.0	80.0	142.0	10.0	12.0	34.0	12.0	22.0	118.0	14.0	66.0	10.0	34.0	8.0	42.0	96.0	12.0	16.0	96.0	66.0	8.0	6.0	82.0	18.0	6.0	12.0	4.0	40.0	14.0	12.0	18.0	10.0	104.0	100.0	12.0	40.0	14.0	6.0	6.0	4.0	22.0	4.0	98.0	42.0	82.0	10.0	52.0	6.0	14.0	108.0	150.0	8.0	10.0	24.0	6.0	74.0	6.0	16.0	68.0	68.0	6.0	8.0	6.0	26.0	54.0	54.0	4.0	8.0	4.0	150.0	14.0	78.0	6.0	22.0	30.0	12.0	144.0	8.0	6.0	86.0	18.0	16.0	38.0	10.0	6.0	8.0	8.0	28.0	74.0	62.0	56.0	128.0	18.0	4.0	98.0	14.0	10.0	124.0	12.0	28.0	8.0	4.0	78.0	22.0	8.0	62.0	10.0	126.0	10.0	26.0	2.0	12.0	2.0	28.0	18.0	2.0	106.0	14.0	16.0	20.0	28.0	18.0	6.0	20.0	16.0	8.0	10.0	78.0	4.0	32.0	26.0	30.0	24.0	16.0	20.0	14.0	82.0	16.0	2.0	8.0	4.0	112.0	10.0	16.0	46.0	16.0	22.0	46.0	16.0	2.0	2.0	66.0	70.0	18.0	12.0	80.0	74.0	26.0	8.0	20.0	78.0	22.0	14.0	16.0	10.0	104.0	38.0	6.0	26.0	74.0	26.0	88.0	8.0	6.0	24.0	26.0	38.0	32.0	98.0	8.0	28.0	52.0	6.0	148.0	6.0	70.0	22.0	26.0	2.0	2.0	18.0	24.0	10.0	28.0	20.0	20.0	14.0	20.0	16.0	28.0	12.0	10.0	96.0	6.0	100.0	22.0	16.0	58.0	4.0	16.0	18.0	22.0	56.0	62.0	56.0	26.0	8.0	12.0	22.0	26.0	54.0	4.0	2.0	2.0	130.0
CHEMBL485598	0.0	26.0	36.0	18.0	16.0	22.0	14.0	12.0	8.0	16.0	10.0	10.0	70.0	14.0	14.0	22.0	36.0	8.0	6.0	10.0	24.0	2.0	8.0	16.0	0.0	70.0	16.0	14.0	34.0	24.0	12.0	6.0	10.0	30.0	142.0	10.0	12.0	84.0	12.0	22.0	118.0	14.0	66.0	10.0	34.0	8.0	42.0	46.0	12.0	16.0	46.0	16.0	8.0	6.0	32.0	18.0	56.0	12.0	4.0	40.0	14.0	12.0	18.0	60.0	104.0	50.0	12.0	40.0	14.0	6.0	6.0	4.0	22.0	4.0	98.0	92.0	82.0	10.0	52.0	6.0	14.0	58.0	150.0	8.0	10.0	24.0	56.0	24.0	56.0	66.0	18.0	118.0	6.0	8.0	6.0	26.0	4.0	104.0	54.0	8.0	4.0	150.0	64.0	28.0	6.0	22.0	30.0	62.0	144.0	8.0	6.0	36.0	18.0	16.0	38.0	60.0	56.0	8.0	58.0	28.0	74.0	12.0	56.0	128.0	18.0	54.0	98.0	14.0	10.0	124.0	12.0	78.0	8.0	4.0	28.0	72.0	8.0	112.0	10.0	126.0	10.0	26.0	2.0	12.0	2.0	28.0	18.0	2.0	106.0	14.0	16.0	20.0	28.0	18.0	6.0	70.0	66.0	58.0	10.0	78.0	4.0	32.0	26.0	30.0	24.0	16.0	20.0	14.0	82.0	16.0	2.0	8.0	4.0	112.0	60.0	16.0	46.0	16.0	22.0	46.0	16.0	2.0	2.0	16.0	70.0	68.0	12.0	80.0	74.0	26.0	8.0	20.0	78.0	72.0	14.0	16.0	10.0	54.0	38.0	6.0	26.0	74.0	26.0	38.0	58.0	6.0	24.0	26.0	88.0	32.0	48.0	8.0	28.0	52.0	6.0	148.0	6.0	20.0	22.0	26.0	2.0	2.0	18.0	24.0	10.0	28.0	70.0	20.0	14.0	70.0	16.0	78.0	12.0	10.0	46.0	6.0	50.0	22.0	16.0	8.0	4.0	16.0	18.0	22.0	6.0	12.0	6.0	26.0	8.0	12.0	22.0	26.0	104.0	54.0	2.0	2.0	130.0
CHEMBL485745	0.0	26.0	36.0	18.0	66.0	22.0	64.0	12.0	8.0	16.0	10.0	10.0	20.0	14.0	14.0	72.0	36.0	8.0	6.0	10.0	24.0	2.0	8.0	16.0	0.0	20.0	16.0	14.0	34.0	24.0	12.0	6.0	10.0	30.0	92.0	10.0	12.0	34.0	12.0	22.0	68.0	64.0	16.0	10.0	34.0	8.0	92.0	46.0	12.0	16.0	46.0	16.0	8.0	6.0	32.0	18.0	6.0	12.0	4.0	40.0	14.0	62.0	18.0	10.0	54.0	100.0	12.0	40.0	64.0	6.0	6.0	4.0	22.0	4.0	48.0	92.0	32.0	10.0	102.0	6.0	14.0	58.0	150.0	8.0	10.0	24.0	6.0	24.0	6.0	16.0	18.0	118.0	6.0	8.0	6.0	26.0	4.0	54.0	4.0	8.0	4.0	150.0	14.0	28.0	6.0	22.0	30.0	12.0	94.0	8.0	6.0	36.0	18.0	66.0	38.0	10.0	6.0	8.0	8.0	78.0	24.0	12.0	56.0	128.0	18.0	4.0	48.0	14.0	60.0	124.0	12.0	78.0	8.0	4.0	28.0	72.0	8.0	112.0	10.0	76.0	10.0	26.0	2.0	12.0	2.0	28.0	18.0	2.0	56.0	14.0	16.0	20.0	28.0	18.0	6.0	20.0	16.0	8.0	10.0	78.0	4.0	32.0	26.0	30.0	24.0	66.0	20.0	14.0	132.0	16.0	2.0	8.0	4.0	62.0	60.0	16.0	96.0	16.0	22.0	96.0	16.0	2.0	2.0	16.0	70.0	68.0	12.0	30.0	74.0	26.0	8.0	20.0	28.0	22.0	14.0	16.0	10.0	54.0	38.0	6.0	26.0	74.0	26.0	38.0	8.0	56.0	24.0	26.0	38.0	32.0	48.0	8.0	78.0	52.0	6.0	148.0	56.0	20.0	22.0	26.0	2.0	2.0	18.0	24.0	10.0	28.0	20.0	20.0	14.0	20.0	16.0	28.0	12.0	10.0	46.0	6.0	50.0	22.0	16.0	8.0	4.0	16.0	18.0	22.0	6.0	12.0	6.0	26.0	8.0	12.0	22.0	26.0	54.0	4.0	2.0	2.0	80.0
CHEMBL506153	0.0	26.0	36.0	18.0	16.0	22.0	14.0	62.0	8.0	66.0	10.0	10.0	20.0	14.0	14.0	22.0	36.0	8.0	6.0	60.0	24.0	2.0	8.0	16.0	0.0	20.0	16.0	14.0	84.0	24.0	12.0	6.0	10.0	30.0	142.0	60.0	62.0	34.0	62.0	72.0	118.0	14.0	16.0	10.0	34.0	8.0	42.0	46.0	12.0	16.0	46.0	16.0	8.0	6.0	32.0	18.0	6.0	12.0	4.0	40.0	14.0	12.0	18.0	60.0	104.0	50.0	12.0	40.0	64.0	6.0	6.0	4.0	22.0	4.0	98.0	42.0	82.0	10.0	52.0	6.0	14.0	108.0	150.0	58.0	10.0	24.0	6.0	24.0	6.0	16.0	18.0	68.0	6.0	8.0	6.0	26.0	4.0	54.0	4.0	8.0	4.0	150.0	14.0	78.0	6.0	22.0	30.0	12.0	94.0	8.0	56.0	36.0	18.0	16.0	38.0	10.0	6.0	8.0	8.0	28.0	74.0	12.0	56.0	128.0	68.0	4.0	98.0	14.0	60.0	124.0	12.0	28.0	8.0	4.0	28.0	22.0	8.0	62.0	10.0	126.0	10.0	26.0	2.0	62.0	2.0	78.0	18.0	2.0	106.0	14.0	16.0	70.0	28.0	18.0	6.0	20.0	66.0	8.0	10.0	78.0	4.0	82.0	26.0	30.0	24.0	16.0	20.0	14.0	132.0	16.0	2.0	8.0	4.0	62.0	10.0	16.0	46.0	16.0	72.0	46.0	66.0	2.0	2.0	16.0	70.0	18.0	12.0	80.0	24.0	26.0	8.0	70.0	28.0	22.0	64.0	16.0	10.0	54.0	88.0	6.0	76.0	74.0	26.0	38.0	58.0	6.0	24.0	76.0	38.0	32.0	48.0	8.0	28.0	52.0	6.0	148.0	6.0	20.0	22.0	26.0	2.0	2.0	18.0	24.0	10.0	28.0	20.0	70.0	14.0	20.0	16.0	78.0	12.0	60.0	46.0	56.0	50.0	22.0	16.0	8.0	4.0	16.0	18.0	22.0	6.0	12.0	6.0	26.0	8.0	12.0	22.0	26.0	54.0	4.0	2.0	2.0	130.0
CHEMBL517666	0.0	26.0	36.0	18.0	16.0	72.0	64.0	12.0	8.0	16.0	60.0	10.0	20.0	14.0	14.0	22.0	36.0	8.0	6.0	10.0	24.0	2.0	8.0	16.0	0.0	70.0	16.0	14.0	34.0	24.0	62.0	6.0	10.0	30.0	142.0	10.0	12.0	34.0	12.0	72.0	118.0	14.0	66.0	10.0	34.0	8.0	92.0	96.0	12.0	16.0	46.0	16.0	8.0	6.0	32.0	18.0	6.0	12.0	4.0	40.0	14.0	12.0	18.0	10.0	54.0	50.0	12.0	40.0	14.0	56.0	6.0	4.0	22.0	4.0	48.0	42.0	82.0	10.0	52.0	6.0	14.0	108.0	150.0	8.0	10.0	24.0	6.0	24.0	6.0	16.0	18.0	68.0	6.0	8.0	6.0	26.0	4.0	104.0	4.0	8.0	4.0	150.0	14.0	28.0	6.0	22.0	80.0	12.0	144.0	8.0	6.0	36.0	68.0	16.0	38.0	10.0	6.0	8.0	58.0	28.0	24.0	12.0	56.0	78.0	18.0	4.0	98.0	14.0	10.0	124.0	62.0	78.0	8.0	4.0	78.0	22.0	58.0	112.0	10.0	126.0	10.0	26.0	2.0	12.0	2.0	28.0	18.0	2.0	56.0	14.0	16.0	20.0	28.0	18.0	6.0	20.0	66.0	8.0	10.0	128.0	4.0	32.0	76.0	30.0	24.0	16.0	20.0	14.0	82.0	16.0	2.0	8.0	4.0	62.0	10.0	16.0	46.0	16.0	22.0	46.0	16.0	2.0	2.0	16.0	120.0	68.0	12.0	80.0	24.0	26.0	58.0	20.0	78.0	22.0	14.0	16.0	10.0	54.0	88.0	6.0	26.0	74.0	26.0	38.0	8.0	6.0	24.0	26.0	38.0	32.0	48.0	8.0	28.0	52.0	6.0	148.0	6.0	20.0	22.0	26.0	2.0	2.0	18.0	74.0	10.0	28.0	20.0	70.0	14.0	20.0	16.0	78.0	12.0	10.0	46.0	6.0	50.0	22.0	16.0	8.0	4.0	16.0	18.0	22.0	6.0	12.0	6.0	26.0	8.0	12.0	22.0	76.0	104.0	4.0	2.0	2.0	80.0
CHEMBL521806	0.0	76.0	86.0	18.0	16.0	22.0	14.0	12.0	8.0	16.0	10.0	10.0	20.0	64.0	64.0	22.0	36.0	8.0	6.0	10.0	24.0	2.0	8.0	16.0	0.0	20.0	16.0	14.0	84.0	24.0	12.0	6.0	10.0	30.0	142.0	60.0	12.0	34.0	12.0	22.0	118.0	14.0	16.0	10.0	34.0	8.0	92.0	46.0	12.0	16.0	96.0	66.0	8.0	56.0	82.0	18.0	6.0	12.0	4.0	40.0	14.0	12.0	18.0	10.0	54.0	100.0	62.0	40.0	14.0	6.0	56.0	4.0	22.0	4.0	98.0	42.0	32.0	10.0	52.0	56.0	14.0	108.0	150.0	8.0	10.0	24.0	6.0	24.0	6.0	16.0	18.0	68.0	6.0	8.0	6.0	26.0	4.0	54.0	4.0	8.0	4.0	150.0	14.0	28.0	56.0	22.0	30.0	12.0	144.0	8.0	6.0	86.0	18.0	16.0	38.0	10.0	6.0	8.0	8.0	28.0	24.0	12.0	56.0	128.0	18.0	4.0	98.0	14.0	10.0	74.0	12.0	28.0	8.0	4.0	28.0	22.0	8.0	62.0	10.0	126.0	10.0	76.0	2.0	12.0	2.0	78.0	18.0	2.0	106.0	14.0	16.0	20.0	28.0	68.0	6.0	20.0	16.0	8.0	10.0	78.0	4.0	32.0	26.0	80.0	74.0	66.0	20.0	14.0	132.0	16.0	52.0	8.0	4.0	112.0	10.0	16.0	96.0	16.0	22.0	96.0	16.0	2.0	2.0	16.0	120.0	18.0	12.0	30.0	24.0	26.0	58.0	20.0	28.0	72.0	14.0	16.0	10.0	54.0	38.0	6.0	26.0	74.0	26.0	38.0	8.0	6.0	24.0	76.0	88.0	32.0	98.0	8.0	28.0	52.0	6.0	148.0	56.0	20.0	22.0	26.0	2.0	2.0	68.0	24.0	10.0	28.0	20.0	20.0	14.0	20.0	16.0	28.0	12.0	60.0	46.0	6.0	50.0	22.0	66.0	8.0	4.0	16.0	18.0	22.0	6.0	12.0	6.0	26.0	58.0	12.0	72.0	76.0	104.0	4.0	2.0	2.0	80.0
CHEMBL524901	0.0	26.0	36.0	18.0	16.0	22.0	64.0	12.0	8.0	16.0	10.0	10.0	70.0	14.0	14.0	22.0	36.0	8.0	6.0	10.0	74.0	2.0	8.0	16.0	0.0	20.0	16.0	64.0	84.0	24.0	12.0	6.0	60.0	30.0	92.0	10.0	12.0	34.0	12.0	22.0	68.0	14.0	16.0	10.0	84.0	8.0	92.0	96.0	12.0	16.0	46.0	16.0	8.0	56.0	32.0	18.0	6.0	12.0	54.0	40.0	14.0	12.0	68.0	10.0	104.0	100.0	12.0	40.0	14.0	6.0	6.0	4.0	22.0	4.0	48.0	92.0	32.0	10.0	102.0	6.0	64.0	108.0	150.0	8.0	10.0	24.0	6.0	24.0	6.0	16.0	18.0	68.0	6.0	8.0	6.0	76.0	4.0	104.0	4.0	8.0	4.0	150.0	14.0	28.0	6.0	22.0	30.0	12.0	94.0	8.0	6.0	36.0	68.0	16.0	38.0	10.0	6.0	8.0	8.0	28.0	74.0	12.0	106.0	128.0	18.0	4.0	98.0	14.0	10.0	124.0	12.0	28.0	8.0	4.0	28.0	22.0	8.0	112.0	60.0	76.0	10.0	26.0	52.0	12.0	52.0	78.0	18.0	2.0	56.0	14.0	16.0	20.0	28.0	18.0	6.0	20.0	66.0	8.0	10.0	128.0	4.0	32.0	76.0	30.0	24.0	16.0	20.0	14.0	132.0	16.0	2.0	8.0	4.0	112.0	10.0	16.0	46.0	16.0	22.0	46.0	16.0	52.0	2.0	66.0	70.0	18.0	12.0	30.0	24.0	26.0	8.0	20.0	28.0	22.0	14.0	16.0	10.0	54.0	38.0	6.0	26.0	124.0	26.0	88.0	8.0	6.0	24.0	26.0	38.0	32.0	98.0	8.0	28.0	102.0	6.0	148.0	6.0	20.0	22.0	26.0	2.0	2.0	18.0	24.0	10.0	28.0	20.0	20.0	14.0	20.0	16.0	28.0	12.0	10.0	46.0	6.0	50.0	22.0	16.0	8.0	4.0	16.0	18.0	22.0	6.0	12.0	6.0	26.0	8.0	12.0	22.0	26.0	54.0	4.0	2.0	2.0	130.0
CHEMBL529066	0.0	26.0	36.0	18.0	16.0	22.0	14.0	12.0	8.0	16.0	10.0	10.0	20.0	14.0	14.0	72.0	36.0	8.0	6.0	60.0	24.0	52.0	8.0	16.0	0.0	70.0	16.0	64.0	34.0	24.0	12.0	6.0	10.0	30.0	142.0	10.0	12.0	34.0	12.0	22.0	68.0	14.0	16.0	60.0	34.0	8.0	92.0	46.0	12.0	16.0	96.0	16.0	8.0	6.0	32.0	18.0	6.0	12.0	4.0	40.0	14.0	12.0	18.0	10.0	54.0	100.0	12.0	40.0	14.0	56.0	6.0	4.0	22.0	4.0	98.0	42.0	82.0	10.0	102.0	6.0	14.0	108.0	150.0	8.0	10.0	24.0	6.0	74.0	56.0	16.0	18.0	68.0	6.0	8.0	6.0	76.0	4.0	54.0	4.0	58.0	4.0	150.0	14.0	28.0	6.0	22.0	30.0	12.0	144.0	8.0	6.0	86.0	18.0	16.0	38.0	10.0	6.0	8.0	58.0	28.0	24.0	62.0	106.0	128.0	18.0	4.0	48.0	14.0	10.0	124.0	12.0	28.0	8.0	4.0	78.0	22.0	8.0	112.0	10.0	126.0	10.0	26.0	52.0	62.0	2.0	78.0	68.0	2.0	106.0	14.0	16.0	20.0	28.0	18.0	6.0	20.0	66.0	8.0	10.0	78.0	4.0	32.0	26.0	30.0	24.0	16.0	20.0	14.0	82.0	16.0	2.0	8.0	4.0	112.0	10.0	16.0	96.0	16.0	72.0	96.0	16.0	52.0	2.0	66.0	120.0	18.0	12.0	30.0	24.0	26.0	8.0	20.0	78.0	22.0	64.0	16.0	10.0	104.0	38.0	56.0	26.0	74.0	26.0	88.0	8.0	6.0	24.0	26.0	38.0	32.0	48.0	8.0	28.0	52.0	6.0	148.0	56.0	20.0	22.0	76.0	2.0	2.0	18.0	24.0	60.0	28.0	70.0	20.0	14.0	20.0	16.0	28.0	12.0	10.0	96.0	6.0	100.0	72.0	16.0	8.0	4.0	16.0	18.0	22.0	6.0	12.0	6.0	26.0	8.0	12.0	22.0	76.0	54.0	4.0	2.0	2.0	130.0
CHEMBL69757	0.0	76.0	36.0	18.0	16.0	22.0	14.0	12.0	8.0	16.0	10.0	10.0	20.0	14.0	64.0	22.0	86.0	8.0	6.0	60.0	24.0	2.0	58.0	16.0	0.0	20.0	66.0	14.0	34.0	24.0	12.0	6.0	10.0	30.0	142.0	10.0	62.0	84.0	12.0	22.0	68.0	14.0	16.0	10.0	84.0	58.0	42.0	46.0	12.0	16.0	46.0	66.0	8.0	6.0	32.0	18.0	6.0	12.0	54.0	40.0	64.0	62.0	18.0	10.0	54.0	100.0	12.0	90.0	14.0	6.0	6.0	4.0	22.0	4.0	98.0	42.0	32.0	10.0	102.0	6.0	14.0	58.0	150.0	8.0	10.0	24.0	6.0	24.0	56.0	66.0	18.0	68.0	6.0	8.0	6.0	26.0	4.0	54.0	4.0	8.0	4.0	150.0	14.0	28.0	6.0	22.0	30.0	12.0	144.0	8.0	6.0	36.0	18.0	16.0	38.0	10.0	6.0	8.0	8.0	28.0	24.0	12.0	56.0	128.0	18.0	4.0	48.0	14.0	10.0	124.0	12.0	28.0	8.0	4.0	28.0	72.0	8.0	112.0	10.0	76.0	10.0	26.0	2.0	12.0	2.0	28.0	18.0	2.0	56.0	14.0	16.0	20.0	28.0	18.0	6.0	20.0	16.0	8.0	10.0	78.0	4.0	82.0	26.0	30.0	24.0	16.0	20.0	14.0	132.0	16.0	52.0	8.0	4.0	112.0	60.0	16.0	46.0	16.0	22.0	46.0	16.0	52.0	2.0	66.0	120.0	18.0	12.0	30.0	74.0	76.0	8.0	20.0	28.0	72.0	14.0	16.0	10.0	104.0	38.0	6.0	26.0	74.0	26.0	38.0	8.0	6.0	24.0	26.0	88.0	32.0	98.0	8.0	28.0	52.0	56.0	148.0	6.0	20.0	22.0	26.0	2.0	2.0	18.0	24.0	10.0	28.0	20.0	20.0	14.0	20.0	16.0	78.0	12.0	10.0	96.0	6.0	50.0	22.0	16.0	8.0	4.0	16.0	68.0	22.0	56.0	12.0	56.0	26.0	8.0	12.0	22.0	26.0	54.0	4.0	2.0	2.0	130.0
